date,ticker,returns,weights
2009-01-01,SPY,0.0,0.1527344
2009-01-02,SPY,0.030142,0.18123426
2009-01-05,SPY,-0.001183,0.21591584
2009-01-06,SPY,0.006677,-0.15197478
2009-01-07,SPY,-0.029956,0.21976918
2009-01-08,SPY,0.004103,-0.17008054
2009-01-09,SPY,-0.021441,0.1866589
2009-01-12,SPY,-0.024021,-0.26138532
2009-01-13,SPY,0.00184,-0.31998748
2009-01-14,SPY,-0.031454,-0.18983956
2009-01-15,SPY,0.000356,-0.17820926
2009-01-16,SPY,0.00782,0.17145376
2009-01-19,SPY,0.0,0.15422368
2009-01-20,SPY,-0.052786,0.14066964
2009-01-21,SPY,0.043192,-0.16368592
2009-01-22,SPY,-0.015467,0.22307563
2009-01-23,SPY,0.00435,-0.16783787
2009-01-26,SPY,0.006858,0.19945276
2009-01-27,SPY,0.010158,0.068335176
2009-01-28,SPY,0.033834,0.18662572
2009-01-29,SPY,-0.032498,0.18566462
2009-01-30,SPY,-0.020343,0.1731841
2009-02-02,SPY,-0.003018,-0.16132414
2009-02-03,SPY,0.014047,0.15512903
2009-02-04,SPY,-0.004896,0.16126262
2009-02-05,SPY,0.014881,0.0851544
2009-02-06,SPY,0.028485,0.20410728
2009-02-09,SPY,0.001391,-0.14508913
2009-02-10,SPY,-0.045809,0.07757952
2009-02-11,SPY,0.005896,0.19502965
2009-02-12,SPY,0.000718,0.1300277
2009-02-13,SPY,-0.010758,-0.23940954
2009-02-16,SPY,0.0,0.11962254
2009-02-17,SPY,-0.042774,0.10152605
2009-02-18,SPY,-0.002398,0.21948715
2009-02-19,SPY,-0.010743,0.23570701
2009-02-20,SPY,-0.009734,-0.24313442
2009-02-23,SPY,-0.035779,-0.19467704
2009-02-24,SPY,0.03791,-0.1333899
2009-02-25,SPY,-0.007847,-0.1157242
2009-02-26,SPY,-0.016287,0.20890331
2009-02-27,SPY,-0.022349,0.18430229
2009-03-02,SPY,-0.045043,0.11551541
2009-03-03,SPY,-0.007507,-0.11669473
2009-03-04,SPY,0.023691,-0.15841909
2009-03-05,SPY,-0.040848,0.13061179
2009-03-06,SPY,0.001744,-0.111067094
2009-03-09,SPY,-0.011753,-0.1559958
2009-03-10,SPY,0.059609,0.1538243
2009-03-11,SPY,0.006512,-0.13303669
2009-03-12,SPY,0.039372,0.1748317
2009-03-13,SPY,0.007815,-0.102809854
2009-03-16,SPY,-0.003023,0.03615426
2009-03-17,SPY,0.030583,-0.11200033
2009-03-18,SPY,0.022384,0.14177376
2009-03-19,SPY,-0.012386,-0.16882868
2009-03-20,SPY,-0.021137,0.08397404
2009-03-23,SPY,0.071829,-0.17314197
2009-03-24,SPY,-0.019703,-0.17193459
2009-03-25,SPY,0.010546,-0.23060906
2009-03-26,SPY,0.020381,-0.15926507
2009-03-27,SPY,-0.018048,0.088142894
2009-03-30,SPY,-0.034555,-0.13986787
2009-03-31,SPY,0.009265,-0.19287646
2009-04-01,SPY,0.019366,-0.27967575
2009-04-02,SPY,0.029238,-0.16117096
2009-04-03,SPY,0.009948,0.20598824
2009-04-06,SPY,-0.007833,-0.15682492
2009-04-07,SPY,-0.023325,0.183709
2009-04-08,SPY,0.010778,0.06437327
2009-04-09,SPY,0.039743,0.08291702
2009-04-10,SPY,0.0,0.23173572
2009-04-13,SPY,0.000233,-0.17797619
2009-04-14,SPY,-0.017243,-0.073444486
2009-04-15,SPY,0.01067,0.20952515
2009-04-16,SPY,0.014663,0.10245438
2009-04-17,SPY,0.006705,-0.10338819
2009-04-20,SPY,-0.041915,0.22899464
2009-04-21,SPY,0.019537,-0.28118554
2009-04-22,SPY,-0.006113,0.15080276
2009-04-23,SPY,0.009818,0.051278487
2009-04-24,SPY,0.015111,-0.23507437
2009-04-27,SPY,-0.009462,0.15709385
2009-04-28,SPY,-0.003145,-0.15586337
2009-04-29,SPY,0.021269,-0.2024983
2009-04-30,SPY,0.000343,-0.20383061
2009-05-01,SPY,0.005376,0.19592778
2009-05-04,SPY,0.03402,0.17805502
2009-05-05,SPY,-0.003411,-0.21785177
2009-05-06,SPY,0.017346,0.11807137
2009-05-07,SPY,-0.013903,-0.2215871
2009-05-08,SPY,0.023333,0.25110283
2009-05-11,SPY,-0.018714,-0.10366147
2009-05-12,SPY,-0.002959,0.22927642
2009-05-13,SPY,-0.025173,0.17755066
2009-05-14,SPY,0.00857,-0.10660065
2009-05-15,SPY,-0.008162,0.21895549
2009-05-18,SPY,0.028407,-0.24844415
2009-05-19,SPY,-0.001206,0.23284627
2009-05-20,SPY,-0.006694,-0.2026991
2009-05-21,SPY,-0.014363,0.06148422
2009-05-22,SPY,-0.00213,-0.17043668
2009-05-25,SPY,0.0,-0.08925032
2009-05-26,SPY,0.025612,0.1524244
2009-05-27,SPY,-0.017853,-0.20972353
2009-05-28,SPY,0.01394,0.23406167
2009-05-29,SPY,0.017708,-0.19178005
2009-06-01,SPY,0.024208,-0.10456152
2009-06-02,SPY,0.000844,-0.19965525
2009-06-03,SPY,-0.012652,-0.2581506
2009-06-04,SPY,0.009397,0.16406329
2009-06-05,SPY,0.000212,0.14005014
2009-06-08,SPY,-0.004125,-0.27565882
2009-06-09,SPY,0.005098,0.24169831
2009-06-10,SPY,-0.002536,-0.20586124
2009-06-11,SPY,0.004449,-0.13057455
2009-06-12,SPY,0.002742,0.112985775
2009-06-15,SPY,-0.022928,-0.2573188
2009-06-16,SPY,-0.013563,0.22306207
2009-06-17,SPY,-0.000982,-0.24333112
2009-06-18,SPY,0.007307,-0.21519743
2009-06-19,SPY,0.003678,-0.05439904
2009-06-22,SPY,-0.029987,0.25316373
2009-06-23,SPY,0.000784,-0.22688183
2009-06-24,SPY,0.008595,-0.23232248
2009-06-25,SPY,0.021772,0.20429434
2009-06-26,SPY,-0.002606,-0.19591041
2009-06-29,SPY,0.009364,-0.1995247
2009-06-30,SPY,-0.008091,0.04051546
2009-07-01,SPY,0.004133,-0.23654687
2009-07-02,SPY,-0.027293,0.20292822
2009-07-03,SPY,0.0,0.070187606
2009-07-06,SPY,-0.000111,-0.20398208
2009-07-07,SPY,-0.019376,0.23517583
2009-07-08,SPY,-0.000681,0.22336441
2009-07-09,SPY,0.001932,-0.22595459
2009-07-10,SPY,-0.002382,0.0480594
2009-07-13,SPY,0.024352,0.12984711
2009-07-14,SPY,0.005638,-0.21697447
2009-07-15,SPY,0.029246,-0.22688106
2009-07-16,SPY,0.009543,0.21745422
2009-07-17,SPY,-0.000212,0.066466905
2009-07-20,SPY,0.010634,0.11148418
2009-07-21,SPY,0.004615,-0.17817207
2009-07-22,SPY,-0.000209,0.27651042
2009-07-23,SPY,0.022093,-0.22568053
2009-07-24,SPY,0.004086,-0.20060065
2009-07-27,SPY,0.002957,-0.24223806
2009-07-28,SPY,-0.004677,-0.23736003
2009-07-29,SPY,-0.002431,0.17854889
2009-07-30,SPY,0.010425,0.20371251
2009-07-31,SPY,0.001419,-0.2625325
2009-08-03,SPY,0.016496,0.23606303
2009-08-04,SPY,0.002589,0.23241892
2009-08-05,SPY,-0.00288,0.17776029
2009-08-06,SPY,-0.005179,0.16250527
2009-08-07,SPY,0.013134,-0.22813663
2009-08-10,SPY,-0.002095,-0.20912397
2009-08-11,SPY,-0.012476,-0.21549816
2009-08-12,SPY,0.010729,-0.1730823
2009-08-13,SPY,0.007639,0.20649208
2009-08-14,SPY,-0.007679,0.19144368
2009-08-17,SPY,-0.024606,-0.18770224
2009-08-18,SPY,0.007934,-0.10721181
2009-08-19,SPY,0.00878,0.1403786
2009-08-20,SPY,0.010304,-0.13023466
2009-08-21,SPY,0.019606,0.22425279
2009-08-24,SPY,-9.7e-05,-0.23443207
2009-08-25,SPY,0.001943,0.21736233
2009-08-26,SPY,9.7e-05,-0.25985178
2009-08-27,SPY,0.002229,0.26456654
2009-08-28,SPY,-0.000193,0.20810568
2009-08-31,SPY,-0.008899,0.1609277
2009-09-01,SPY,-0.022057,0.18044326
2009-09-02,SPY,-0.003792,0.22872552
2009-09-03,SPY,0.008315,0.18172109
2009-09-04,SPY,0.014009,-0.2670215
2009-09-07,SPY,0.0,-0.21415757
2009-09-08,SPY,0.008622,0.20788537
2009-09-09,SPY,0.007674,0.22955889
2009-09-10,SPY,0.010219,0.11391218
2009-09-11,SPY,-0.000191,-0.16586615
2009-09-14,SPY,0.004868,-0.26905498
2009-09-15,SPY,0.004179,-0.2728308
2009-09-16,SPY,0.015134,-0.21286312
2009-09-17,SPY,-0.001491,-0.26923186
2009-09-18,SPY,0.000638,-0.25990343
2009-09-21,SPY,-0.00253,-0.22414024
2009-09-22,SPY,0.005824,0.24355285
2009-09-23,SPY,-0.008312,-0.28664234
2009-09-24,SPY,-0.011019,-0.22630152
2009-09-25,SPY,-0.005333,0.09845162
2009-09-28,SPY,0.017903,-0.16904303
2009-09-29,SPY,-0.00301,0.061333377
2009-09-30,SPY,-0.003868,-0.22711712
2009-10-01,SPY,-0.024529,0.25747386
2009-10-02,SPY,-0.004951,0.15150097
2009-10-05,SPY,0.014928,0.19651441
2009-10-06,SPY,0.014324,0.05820201
2009-10-07,SPY,0.002749,-0.251913
2009-10-08,SPY,0.007656,-0.24852087
2009-10-09,SPY,0.006097,0.20341912
2009-10-12,SPY,0.003916,0.119996496
2009-10-13,SPY,-0.002043,-0.23758918
2009-10-14,SPY,0.017216,0.08515161
2009-10-15,SPY,0.003659,0.21054763
2009-10-16,SPY,-0.007474,-0.30414358
2009-10-19,SPY,0.008265,0.1361354
2009-10-20,SPY,-0.005274,-0.26289535
2009-10-21,SPY,-0.008983,-0.23088391
2009-10-22,SPY,0.010164,-0.14046429
2009-10-23,SPY,-0.011433,0.17790927
2009-10-26,SPY,-0.010825,-0.21592769
2009-10-27,SPY,-0.004583,-0.27097034
2009-10-28,SPY,-0.018887,0.12785625
2009-10-29,SPY,0.021454,0.17597105
2009-10-30,SPY,-0.028973,-0.1848586
2009-11-02,SPY,0.007339,-0.14515312
2009-11-03,SPY,0.003163,-0.11519002
2009-11-04,SPY,0.00258,0.21621001
2009-11-05,SPY,0.018396,0.09820252
2009-11-06,SPY,0.00262,-0.28394
2009-11-09,SPY,0.022776,0.17772955
2009-11-10,SPY,0.000183,-0.23066354
2009-11-11,SPY,0.00511,-0.26969108
2009-11-12,SPY,-0.010168,0.2030429
2009-11-13,SPY,0.005411,0.14658822
2009-11-16,SPY,0.014505,0.1774299
2009-11-17,SPY,0.00116,0.14392841
2009-11-18,SPY,-0.00062,-0.41460252
2009-11-19,SPY,-0.013031,0.21749291
2009-11-20,SPY,-0.003551,0.18304084
2009-11-23,SPY,0.012702,-0.37813744
2009-11-24,SPY,0.001534,-0.30587193
2009-11-25,SPY,0.003514,0.22025295
2009-11-26,SPY,0.0,-0.44634825
2009-11-27,SPY,-0.016251,-0.21615948
2009-11-30,SPY,0.003377,-0.302233
2009-12-01,SPY,0.01237,0.20814559
2009-12-02,SPY,-0.000449,0.36564595
2009-12-03,SPY,-0.00782,0.24175724
2009-12-04,SPY,0.005708,0.18198709
2009-12-07,SPY,-0.001531,0.13945311
2009-12-08,SPY,-0.011097,-0.33439508
2009-12-09,SPY,0.00375,0.27026814
2009-12-10,SPY,0.005626,-0.39832717
2009-12-11,SPY,0.004248,0.37177196
2009-12-14,SPY,0.00684,0.26538703
2009-12-15,SPY,-0.004648,0.22828074
2009-12-16,SPY,0.001527,0.23962572
2009-12-17,SPY,-0.012016,-0.19484682
2009-12-18,SPY,0.005629,-0.37413248
2009-12-21,SPY,0.010162,0.35034084
2009-12-22,SPY,0.003593,0.24829024
2009-12-23,SPY,0.001969,0.37671018
2009-12-24,SPY,0.004734,-0.42967725
2009-12-25,SPY,0.0,-0.42660633
2009-12-28,SPY,0.002134,-0.38978937
2009-12-29,SPY,-0.001402,0.3100868
2009-12-30,SPY,-0.000373,-0.23163769
2009-12-31,SPY,-0.009598,-0.37486765
2009-01-01,IWM,0.0,0.053903908
2009-01-02,IWM,0.019903,0.047742013
2009-01-05,IWM,0.003584,0.038686093
2009-01-06,IWM,0.016865,0.041406583
2009-01-07,IWM,-0.029463,0.025817959
2009-01-08,IWM,0.004825,-0.033293158
2009-01-09,IWM,-0.037015,0.045568377
2009-01-12,IWM,-0.029711,0.05415339
2009-01-13,IWM,0.013276,-0.023653196
2009-01-14,IWM,-0.043956,-0.0072671985
2009-01-15,IWM,0.016136,-0.045591675
2009-01-16,IWM,0.011094,0.043291003
2009-01-19,IWM,0.0,0.04479261
2009-01-20,IWM,-0.067771,-0.030294085
2009-01-21,IWM,0.04985,0.047016993
2009-01-22,IWM,-0.029017,-0.020873439
2009-01-23,IWM,0.004981,0.047880553
2009-01-26,IWM,0.011264,0.05051092
2009-01-27,IWM,0.010916,0.036601752
2009-01-28,IWM,0.041208,-0.037447505
2009-01-29,IWM,-0.039153,0.041200772
2009-01-30,IWM,-0.020264,-0.02979474
2009-02-02,IWM,0.008094,0.019376967
2009-02-03,IWM,0.007136,0.052675787
2009-02-04,IWM,-0.007307,0.038463872
2009-02-05,IWM,0.011599,0.036794152
2009-02-06,IWM,0.035502,-0.01819416
2009-02-09,IWM,-0.004472,0.038197804
2009-02-10,IWM,-0.046203,0.027365891
2009-02-11,IWM,0.003812,0.04063842
2009-02-12,IWM,0.00849,0.059558216
2009-02-13,IWM,-0.010412,-0.02420874
2009-02-16,IWM,0.0,-0.02046481
2009-02-17,IWM,-0.039624,-0.008034555
2009-02-18,IWM,-0.014219,0.037893973
2009-02-19,IWM,-0.013951,-0.017147683
2009-02-20,IWM,-0.013429,0.030275768
2009-02-23,IWM,-0.038405,0.04745286
2009-02-24,IWM,0.036906,0.04050801
2009-02-25,IWM,-0.020722,0.03675755
2009-02-26,IWM,-0.018671,-0.019312492
2009-02-27,IWM,-0.006849,-0.019153105
2009-03-02,IWM,-0.05645,0.030674526
2009-03-03,IWM,-0.01895,0.023606393
2009-03-04,IWM,0.020695,-0.036861297
2009-03-05,IWM,-0.053258,0.033795856
2009-03-06,IWM,0.00514,0.024590189
2009-03-09,IWM,-0.023011,-0.018825281
2009-03-10,IWM,0.065135,-0.011688495
2009-03-11,IWM,0.001365,0.06449417
2009-03-12,IWM,0.062159,0.021887256
2009-03-13,IWM,0.010524,-0.006781558
2009-03-16,IWM,-0.018034,-0.02182304
2009-03-17,IWM,0.046301,0.026906542
2009-03-18,IWM,0.034611,-0.020908326
2009-03-19,IWM,-0.010514,-0.045637034
2009-03-20,IWM,-0.034533,-0.041332595
2009-03-23,IWM,0.085043,-0.029098142
2009-03-24,IWM,-0.038715,-0.024120945
2009-03-25,IWM,0.028152,0.004150673
2009-03-26,IWM,0.038615,0.018179622
2009-03-27,IWM,-0.033574,-0.04348424
2009-03-30,IWM,-0.028678,0.047589906
2009-03-31,IWM,0.009361,-0.026655665
2009-04-01,IWM,0.01736,0.032834236
2009-04-02,IWM,0.050023,0.031138372
2009-04-03,IWM,0.015806,0.03645416
2009-04-06,IWM,-0.017094,-0.041145142
2009-04-07,IWM,-0.035452,0.043643802
2009-04-08,IWM,0.018493,-0.044379383
2009-04-09,IWM,0.058556,0.025008975
2009-04-10,IWM,0.0,-0.023786139
2009-04-13,IWM,0.000429,0.029616183
2009-04-14,IWM,-0.028933,0.035533007
2009-04-15,IWM,0.015228,-0.03067624
2009-04-16,IWM,0.028913,0.041303974
2009-04-17,IWM,0.008874,-0.054239318
2009-04-20,IWM,-0.051309,0.012633322
2009-04-21,IWM,0.034658,0.016369797
2009-04-22,IWM,-0.000213,0.061697464
2009-04-23,IWM,-0.002347,-0.04484023
2009-04-24,IWM,0.01861,-0.029284263
2009-04-27,IWM,-0.01071,0.03362265
2009-04-28,IWM,0.001486,-0.014115956
2009-04-29,IWM,0.03794,0.030211166
2009-04-30,IWM,-0.009189,0.03000785
2009-05-01,IWM,0.006183,0.03034244
2009-05-04,IWM,0.03646,-0.009823099
2009-05-05,IWM,-0.004941,0.02404352
2009-05-06,IWM,0.002781,-0.041807014
2009-05-07,IWM,-0.023569,0.050778516
2009-05-08,IWM,0.034686,-0.025322895
2009-05-11,IWM,-0.014703,0.07150853
2009-05-12,IWM,-0.014127,-0.023203226
2009-05-13,IWM,-0.045812,-0.03113794
2009-05-14,IWM,0.013959,0.0488528
2009-05-15,IWM,-0.003755,-0.037297677
2009-05-18,IWM,0.033501,0.020057889
2009-05-19,IWM,0.000405,-0.017853506
2009-05-20,IWM,-0.009316,-0.020061707
2009-05-21,IWM,-0.012878,0.037930015
2009-05-22,IWM,-0.010354,-0.04090099
2009-05-25,IWM,0.0,0.03626281
2009-05-26,IWM,0.047709,0.02179568
2009-05-27,IWM,-0.019373,0.019920807
2009-05-28,IWM,0.001222,-0.008881484
2009-05-29,IWM,0.020545,0.024148863
2009-06-01,IWM,0.039067,0.009904858
2009-06-02,IWM,0.012469,0.038704507
2009-06-03,IWM,-0.006631,0.028269885
2009-06-04,IWM,0.014305,0.031851903
2009-06-05,IWM,0.000376,0.04277249
2009-06-08,IWM,-0.011842,0.028521892
2009-06-09,IWM,0.004565,0.015377672
2009-06-10,IWM,-0.003977,0.02163997
2009-06-11,IWM,0.00038,-0.023805106
2009-06-12,IWM,0.003041,-0.052413434
2009-06-15,IWM,-0.026904,-0.022955041
2009-06-16,IWM,-0.016745,-0.046205357
2009-06-17,IWM,0.005347,0.016287377
2009-06-18,IWM,0.00453,-0.04092171
2009-06-19,IWM,0.006078,0.05617709
2009-06-22,IWM,-0.035471,-0.02651812
2009-06-23,IWM,-0.008082,-0.032476846
2009-06-24,IWM,0.010796,-0.038226213
2009-06-25,IWM,0.02888,-0.023094688
2009-06-26,IWM,0.003467,0.027786614
2009-06-29,IWM,0.0,0.031832155
2009-06-30,IWM,-0.002928,-0.047775086
2009-07-01,IWM,0.015466,-0.03402991
2009-07-02,IWM,-0.034303,0.019847095
2009-07-03,IWM,0.0,0.04691361
2009-07-06,IWM,-0.008816,0.021533612
2009-07-07,IWM,-0.021629,-0.016087774
2009-07-08,IWM,-0.006818,0.007065452
2009-07-09,IWM,-0.004161,-0.030225651
2009-07-10,IWM,0.004805,-0.032096285
2009-07-13,IWM,0.024116,0.041299753
2009-07-14,IWM,0.005887,0.012821299
2009-07-15,IWM,0.038547,0.036924798
2009-07-16,IWM,0.012437,-0.04176753
2009-07-17,IWM,-0.003839,-0.03402131
2009-07-20,IWM,0.012331,-0.041307352
2009-07-21,IWM,-0.001713,-0.044042625
2009-07-22,IWM,0.007817,-0.04250652
2009-07-23,IWM,0.031593,-0.02235371
2009-07-24,IWM,0.005135,-0.017179279
2009-07-27,IWM,0.005109,-0.024972795
2009-07-28,IWM,0.000545,0.03851041
2009-07-29,IWM,-0.00508,0.027306259
2009-07-30,IWM,0.017505,-0.04427525
2009-07-31,IWM,-0.004122,-0.021372352
2009-08-03,IWM,0.017455,-0.036788616
2009-08-04,IWM,0.010081,0.02804247
2009-08-05,IWM,-0.009981,0.009304467
2009-08-06,IWM,-0.013972,-0.0635299
2009-08-07,IWM,0.024036,-0.026400391
2009-08-10,IWM,0.001752,0.022724763
2009-08-11,IWM,-0.016087,-0.051269572
2009-08-12,IWM,0.015106,-0.0417911
2009-08-13,IWM,0.008228,-0.014610825
2009-08-14,IWM,-0.02049,-0.04441252
2009-08-17,IWM,-0.028186,-0.042025264
2009-08-18,IWM,0.013316,0.040611874
2009-08-19,IWM,0.012241,-0.04582546
2009-08-20,IWM,0.010848,0.0068000844
2009-08-21,IWM,0.023047,-0.03659721
2009-08-24,IWM,-0.000344,-0.035922386
2009-08-25,IWM,0.004301,0.038342584
2009-08-26,IWM,0.002227,0.019540643
2009-08-27,IWM,-0.001538,0.0147735085
2009-08-28,IWM,-0.006333,0.015454767
2009-08-31,IWM,-0.014643,0.03079964
2009-09-01,IWM,-0.022378,0.048637744
2009-09-02,IWM,-0.005007,-0.0247909
2009-09-03,IWM,0.011143,-0.038609203
2009-09-04,IWM,0.014042,-0.018064817
2009-09-07,IWM,0.0,-0.047397405
2009-09-08,IWM,0.011043,-0.02829286
2009-09-09,IWM,0.017164,-0.036054727
2009-09-10,IWM,0.012443,0.023598664
2009-09-11,IWM,0.000337,-0.053593673
2009-09-14,IWM,0.010603,-0.008228599
2009-09-15,IWM,0.00816,-0.014839069
2009-09-16,IWM,0.020648,-0.04322369
2009-09-17,IWM,-0.002104,0.019553103
2009-09-18,IWM,0.004054,-0.03273064
2009-09-21,IWM,-0.002746,-0.03364689
2009-09-22,IWM,0.006889,0.046461962
2009-09-23,IWM,-0.009513,0.015754197
2009-09-24,IWM,-0.020023,-0.02405081
2009-09-25,IWM,-0.006146,-0.04896969
2009-09-28,IWM,0.023901,0.027704585
2009-09-29,IWM,-0.004407,-0.020639062
2009-09-30,IWM,-0.012297,-0.022581376
2009-10-01,IWM,-0.029881,-0.031637937
2009-10-02,IWM,-0.007529,-0.036582798
2009-10-05,IWM,0.017931,-0.042940535
2009-10-06,IWM,0.018631,0.02164465
2009-10-07,IWM,0.000333,-0.017422736
2009-10-08,IWM,0.009142,-0.015459702
2009-10-09,IWM,0.011695,-0.0023528785
2009-10-12,IWM,0.000163,-0.044267662
2009-10-13,IWM,-0.004232,0.030483019
2009-10-14,IWM,0.019127,-0.06906806
2009-10-15,IWM,-0.000642,-0.021617332
2009-10-16,IWM,-0.009952,-0.018478863
2009-10-19,IWM,0.008268,0.0070779542
2009-10-20,IWM,-0.013829,0.019063966
2009-10-21,IWM,-0.013533,-0.0289583
2009-10-22,IWM,0.013884,-0.038363103
2009-10-23,IWM,-0.0209,0.026649695
2009-10-26,IWM,-0.008958,-0.012689951
2009-10-27,IWM,-0.012265,-0.026117396
2009-10-28,IWM,-0.033339,0.028686143
2009-10-29,IWM,0.019004,-0.057333425
2009-10-30,IWM,-0.027284,-0.04616339
2009-11-02,IWM,-0.001953,-0.060670003
2009-11-03,IWM,0.015119,-0.040206697
2009-11-04,IWM,-0.014368,-0.0909354
2009-11-05,IWM,0.031822,-0.071916185
2009-11-06,IWM,0.000689,-0.02409195
2009-11-09,IWM,0.019628,-0.012136024
2009-11-10,IWM,-0.006248,-0.004707804
2009-11-11,IWM,0.006967,-0.020258868
2009-11-12,IWM,-0.018394,-0.036482885
2009-11-13,IWM,0.009627,-0.041136097
2009-11-16,IWM,0.026392,-0.041948177
2009-11-17,IWM,0.0,-0.047787096
2009-11-18,IWM,-0.001991,0.013859229
2009-11-19,IWM,-0.024934,-0.059464335
2009-11-20,IWM,-0.001193,0.010134526
2009-11-23,IWM,0.017409,0.011202866
2009-11-24,IWM,-0.004529,-0.020946342
2009-11-25,IWM,-0.000168,-0.04610273
2009-11-26,IWM,0.0,0.0032846166
2009-11-27,IWM,-0.029496,0.009110191
2009-11-30,IWM,0.008857,-0.023155648
2009-12-01,IWM,0.015493,-0.044595145
2009-12-02,IWM,0.011866,-0.04301668
2009-12-03,IWM,-0.01223,-0.031046163
2009-12-04,IWM,0.024763,-0.06626584
2009-12-07,IWM,0.00149,-0.040953685
2009-12-08,IWM,-0.007767,-0.013161273
2009-12-09,IWM,-0.003165,-0.041952368
2009-12-10,IWM,-0.00401,0.0079674125
2009-12-11,IWM,0.009394,-0.0287969
2009-12-14,IWM,0.015124,-0.042852417
2009-12-15,IWM,-0.002783,-0.05108319
2009-12-16,IWM,0.006403,-0.051261522
2009-12-17,IWM,-0.011093,-0.04321793
2009-12-18,IWM,0.009238,0.008602845
2009-12-21,IWM,0.013256,-0.032698434
2009-12-22,IWM,0.00934,-0.03349849
2009-12-23,IWM,0.012836,-0.032942116
2009-12-24,IWM,0.003802,0.009500521
2009-12-25,IWM,0.0,0.019810436
2009-12-28,IWM,-0.001578,-0.0049824305
2009-12-29,IWM,-0.000474,-0.038380887
2009-12-30,IWM,-0.000633,-0.031444516
2009-12-31,IWM,-0.011869,0.01988948
2009-01-01,EEM,0.0,0.034874324
2009-01-02,EEM,0.047657,0.03440343
2009-01-05,EEM,0.012997,0.027766475
2009-01-06,EEM,0.022642,0.04561447
2009-01-07,EEM,-0.057565,-0.0061062383
2009-01-08,EEM,-0.004307,0.013812147
2009-01-09,EEM,-0.021628,0.03434192
2009-01-12,EEM,-0.042203,-0.02511116
2009-01-13,EEM,0.002937,0.02226729
2009-01-14,EEM,-0.048536,-0.0067355167
2009-01-15,EEM,0.011434,0.03202352
2009-01-16,EEM,0.01087,0.035072315
2009-01-19,EEM,0.0,0.02770716
2009-01-20,EEM,-0.074409,-0.032416224
2009-01-21,EEM,0.054368,0.029044438
2009-01-22,EEM,-0.033054,0.026778279
2009-01-23,EEM,0.012762,0.03452586
2009-01-26,EEM,0.011701,0.021126319
2009-01-27,EEM,0.017794,-0.012487916
2009-01-28,EEM,0.050699,-0.01965319
2009-01-29,EEM,-0.050749,0.028819872
2009-01-30,EEM,-0.00745,0.026690708
2009-02-02,EEM,-0.010155,0.018926278
2009-02-03,EEM,0.029884,-0.009739164
2009-02-04,EEM,0.007362,0.026838366
2009-02-05,EEM,0.021066,-0.0130739445
2009-02-06,EEM,0.050105,0.0096668415
2009-02-09,EEM,-0.005213,0.021916054
2009-02-10,EEM,-0.060459,0.034196325
2009-02-11,EEM,0.03003,0.025507621
2009-02-12,EEM,-0.006247,0.026773566
2009-02-13,EEM,0.005029,0.017035978
2009-02-16,EEM,0.0,-0.017763192
2009-02-17,EEM,-0.063803,0.0282696
2009-02-18,EEM,-0.007127,-0.0038340327
2009-02-19,EEM,-0.009421,0.025718937
2009-02-20,EEM,-0.025362,0.013652335
2009-02-23,EEM,-0.024628,0.033694766
2009-02-24,EEM,0.054788,0.023119777
2009-02-25,EEM,-0.017163,0.029833337
2009-02-26,EEM,-0.008732,0.018661445
2009-02-27,EEM,-0.015763,0.018205918
2009-03-02,EEM,-0.060763,-0.007711581
2009-03-03,EEM,0.014042,0.021212816
2009-03-04,EEM,0.070228,0.011305878
2009-03-05,EEM,-0.041128,0.024979793
2009-03-06,EEM,0.016867,0.033077803
2009-03-09,EEM,-0.019431,0.02955001
2009-03-10,EEM,0.081199,0.035274345
2009-03-11,EEM,0.0,0.060282595
2009-03-12,EEM,0.038444,0.034014713
2009-03-13,EEM,0.005596,0.03533516
2009-03-16,EEM,0.000856,0.028023649
2009-03-17,EEM,0.021814,0.031582724
2009-03-18,EEM,0.020929,0.0376918
2009-03-19,EEM,-0.00656,-0.0015070995
2009-03-20,EEM,-0.013619,0.019136116
2009-03-23,EEM,0.092469,0.015302916
2009-03-24,EEM,-0.031023,0.018405508
2009-03-25,EEM,0.01502,0.017170139
2009-03-26,EEM,0.027259,0.022907836
2009-03-27,EEM,-0.029568,0.01587601
2009-03-30,EEM,-0.051562,0.028412146
2009-03-31,EEM,0.021829,0.029918129
2009-04-01,EEM,0.033051,0.012497098
2009-04-02,EEM,0.054233,0.030644717
2009-04-03,EEM,0.012213,0.029828342
2009-04-06,EEM,-0.012431,-0.002021557
2009-04-07,EEM,-0.022954,0.038044494
2009-04-08,EEM,0.014778,0.021846185
2009-04-09,EEM,0.043689,0.024887517
2009-04-10,EEM,0.0,0.02703754
2009-04-13,EEM,0.006082,0.0308996
2009-04-14,EEM,-0.016003,0.029193122
2009-04-15,EEM,0.014456,0.024905352
2009-04-16,EEM,0.00855,0.036248267
2009-04-17,EEM,-0.007065,0.025021492
2009-04-20,EEM,-0.048737,0.018605256
2009-04-21,EEM,0.021316,0.02131964
2009-04-22,EEM,-0.008422,-0.00018274316
2009-04-23,EEM,0.01551,0.018181283
2009-04-24,EEM,0.018909,0.019619763
2009-04-27,EEM,-0.033547,0.010481721
2009-04-28,EEM,-0.003323,0.027306702
2009-04-29,EEM,0.052612,0.019911237
2009-04-30,EEM,0.009152,0.022654181
2009-05-01,EEM,0.014649,0.028497385
2009-05-04,EEM,0.069096,0.03796529
2009-05-05,EEM,-0.009003,0.023676118
2009-05-06,EEM,0.017164,0.018017374
2009-05-07,EEM,-0.024849,0.028595382
2009-05-08,EEM,0.033366,0.03253858
2009-05-11,EEM,-0.023425,0.058534056
2009-05-12,EEM,0.007131,0.0286904
2009-05-13,EEM,-0.036691,0.024464024
2009-05-14,EEM,0.014367,-0.01290144
2009-05-15,EEM,-0.009223,0.022792935
2009-05-18,EEM,0.055519,0.02682908
2009-05-19,EEM,0.011339,0.032741223
2009-05-20,EEM,0.003114,0.026739448
2009-05-21,EEM,-0.018628,0.026885811
2009-05-22,EEM,0.004429,0.025809893
2009-05-25,EEM,0.0,0.051226467
2009-05-26,EEM,0.011969,0.024148641
2009-05-27,EEM,-0.011516,0.03673988
2009-05-28,EEM,0.030856,0.024218187
2009-05-29,EEM,0.015272,0.025782116
2009-06-01,EEM,0.042118,0.038110625
2009-06-02,EEM,-0.014434,0.020135034
2009-06-03,EEM,-0.035442,0.0182969
2009-06-04,EEM,0.018524,0.028908173
2009-06-05,EEM,0.002087,0.027844336
2009-06-08,EEM,-0.015472,0.025298057
2009-06-09,EEM,0.001813,0.018256169
2009-06-10,EEM,0.012609,0.027045865
2009-06-11,EEM,0.021509,0.041766077
2009-06-12,EEM,-0.01604,0.020187976
2009-06-15,EEM,-0.035863,0.009658422
2009-06-16,EEM,-0.015063,0.014123914
2009-06-17,EEM,-0.011236,0.024456354
2009-06-18,EEM,-0.002841,0.012676273
2009-06-19,EEM,0.005065,0.03673171
2009-06-22,EEM,-0.03622,0.024069205
2009-06-23,EEM,0.006447,0.022131972
2009-06-24,EEM,0.021931,0.010667678
2009-06-25,EEM,0.029789,0.030476581
2009-06-26,EEM,0.005288,0.030745298
2009-06-29,EEM,0.007426,0.024258453
2009-06-30,EEM,-0.010135,0.023958823
2009-07-01,EEM,0.018306,0.013054204
2009-07-02,EEM,-0.027422,0.030740032
2009-07-03,EEM,0.0,-0.0135259135
2009-07-06,EEM,-0.002193,0.020072313
2009-07-07,EEM,-0.023548,0.034857683
2009-07-08,EEM,-0.011576,0.020079648
2009-07-09,EEM,0.017925,0.022222249
2009-07-10,EEM,-0.011856,0.020553295
2009-07-13,EEM,0.007115,-0.010861942
2009-07-14,EEM,0.010918,0.020074893
2009-07-15,EEM,0.053685,0.01978594
2009-07-16,EEM,0.001809,0.015634157
2009-07-17,EEM,0.010232,0.025380613
2009-07-20,EEM,0.035746,0.03203122
2009-07-21,EEM,-0.00302,-0.003504924
2009-07-22,EEM,-0.002164,0.011134325
2009-07-23,EEM,0.028332,0.023404852
2009-07-24,EEM,-0.004779,0.024773633
2009-07-27,EEM,0.008757,0.02276096
2009-07-28,EEM,-0.004481,0.024130622
2009-07-29,EEM,-0.022503,0.023695678
2009-07-30,EEM,0.024748,-0.0022663062
2009-07-31,EEM,0.004774,0.015990851
2009-08-03,EEM,0.037451,0.017348465
2009-08-04,EEM,-0.009159,0.021527316
2009-08-05,EEM,-0.008428,0.012758501
2009-08-06,EEM,-0.008226,0.027264504
2009-08-07,EEM,0.009953,0.020551559
2009-08-10,EEM,-0.011224,0.023607092
2009-08-11,EEM,-0.018826,0.013021967
2009-08-12,EEM,0.009029,-0.0014795953
2009-08-13,EEM,0.017338,0.02993751
2009-08-14,EEM,-0.018142,0.011722333
2009-08-17,EEM,-0.039194,0.0076954556
2009-08-18,EEM,0.021853,0.051464472
2009-08-19,EEM,0.002566,0.03301827
2009-08-20,EEM,0.017349,0.029354308
2009-08-21,EEM,0.015096,0.018164733
2009-08-24,EEM,0.004406,0.0224035
2009-08-25,EEM,-0.002194,0.036144406
2009-08-26,EEM,-0.003023,0.010654119
2009-08-27,EEM,-0.001929,0.019051146
2009-08-28,EEM,-0.005247,0.014539746
2009-08-31,EEM,-0.019711,0.037158914
2009-09-01,EEM,-0.018975,0.027390555
2009-09-02,EEM,0.010681,0.045440026
2009-09-03,EEM,0.019994,0.032277595
2009-09-04,EEM,0.019322,0.022030866
2009-09-07,EEM,0.0,0.01592708
2009-09-08,EEM,0.020604,0.03789631
2009-09-09,EEM,0.005383,0.029070983
2009-09-10,EEM,0.013119,0.03195208
2009-09-11,EEM,0.000529,0.039857462
2009-09-14,EEM,-0.003698,-0.0026521678
2009-09-15,EEM,0.01193,0.031048356
2009-09-16,EEM,0.025151,0.01194055
2009-09-17,EEM,-0.005367,0.032186605
2009-09-18,EEM,0.002826,0.018567638
2009-09-21,EEM,-0.008711,0.025583746
2009-09-22,EEM,0.015249,0.019020805
2009-09-23,EEM,-0.01502,0.026288707
2009-09-24,EEM,-0.019643,0.03126895
2009-09-25,EEM,0.004218,0.03149401
2009-09-28,EEM,0.012864,0.057730917
2009-09-29,EEM,0.002307,0.040971555
2009-09-30,EEM,0.006232,0.025869122
2009-10-01,EEM,-0.027242,0.027955925
2009-10-02,EEM,0.000264,-0.010818593
2009-10-05,EEM,0.023244,0.019922638
2009-10-06,EEM,0.01652,0.023170214
2009-10-07,EEM,-0.001016,0.017605495
2009-10-08,EEM,0.012201,0.022675233
2009-10-09,EEM,0.000753,0.02323186
2009-10-12,EEM,0.008281,0.025213221
2009-10-13,EEM,0.001742,0.019474562
2009-10-14,EEM,0.032298,0.025599204
2009-10-15,EEM,-0.005535,0.034321085
2009-10-16,EEM,-0.013795,0.01620418
2009-10-19,EEM,0.019141,0.042148326
2009-10-20,EEM,-0.013243,-0.005515709
2009-10-21,EEM,-0.005369,0.026482515
2009-10-22,EEM,0.008342,0.022235807
2009-10-23,EEM,-0.008273,0.03163908
2009-10-26,EEM,-0.012512,0.01786164
2009-10-27,EEM,-0.017391,0.020906761
2009-10-28,EEM,-0.045765,0.038246162
2009-10-29,EEM,0.04425,0.02311572
2009-10-30,EEM,-0.046689,0.010272222
2009-11-02,EEM,0.014906,0.032407783
2009-11-03,EEM,0.001574,0.039405096
2009-11-04,EEM,0.018591,0.028492937
2009-11-05,EEM,0.020566,0.042953093
2009-11-06,EEM,-0.001259,0.015068361
2009-11-09,EEM,0.036822,0.04975593
2009-11-10,EEM,-0.004622,0.037630886
2009-11-11,EEM,0.008553,0.03999125
2009-11-12,EEM,-0.022292,0.043034542
2009-11-13,EEM,0.0171,0.053610332
2009-11-16,EEM,0.025097,0.053869493
2009-11-17,EEM,-0.003566,0.051187567
2009-11-18,EEM,-0.007872,0.017200792
2009-11-19,EEM,-0.018514,0.056333806
2009-11-20,EEM,-0.004165,0.046271324
2009-11-23,EEM,0.02091,0.020132966
2009-11-24,EEM,-0.005542,0.020086182
2009-11-25,EEM,0.011631,0.046008006
2009-11-26,EEM,0.0,0.015096265
2009-11-27,EEM,-0.038802,0.040017948
2009-11-30,EEM,0.009718,0.032923684
2009-12-01,EEM,0.028628,0.040196463
2009-12-02,EEM,0.004079,0.02425306
2009-12-03,EEM,-0.009319,0.03630926
2009-12-04,EEM,0.009165,0.03525504
2009-12-07,EEM,-0.008604,0.03575012
2009-12-08,EEM,-0.018563,0.017819153
2009-12-09,EEM,0.006141,0.03283169
2009-12-10,EEM,0.005859,0.016284568
2009-12-11,EEM,0.003641,0.020877605
2009-12-14,EEM,0.006772,0.033759296
2009-12-15,EEM,-0.010329,0.022459112
2009-12-16,EEM,0.005825,0.0055741332
2009-12-17,EEM,-0.028716,0.031188278
2009-12-18,EEM,0.002733,0.021993611
2009-12-21,EEM,-0.001239,0.03601979
2009-12-22,EEM,0.009995,0.032404613
2009-12-23,EEM,0.009903,0.020246187
2009-12-24,EEM,0.010051,0.015761044
2009-12-25,EEM,0.0,0.01996639
2009-12-28,EEM,0.003398,0.014857492
2009-12-29,EEM,-0.00358,0.026008628
2009-12-30,EEM,0.004371,0.019103387
2009-12-31,EEM,0.003385,0.014416333
2009-01-01,TLT,0.0,0.059699975
2009-01-02,TLT,-0.025136,0.06173184
2009-01-05,TLT,-0.025784,0.085400686
2009-01-06,TLT,-0.010057,0.10136705
2009-01-07,TLT,0.003921,0.06647929
2009-01-08,TLT,-0.000799,0.0813901
2009-01-09,TLT,0.00151,0.05833753
2009-01-12,TLT,0.010379,0.05156702
2009-01-13,TLT,0.001054,0.028431881
2009-01-14,TLT,0.016488,-0.054297376
2009-01-15,TLT,0.001639,0.07458347
2009-01-16,TLT,-0.015419,0.048072904
2009-01-19,TLT,0.0,0.07780261
2009-01-20,TLT,-0.000175,-0.019794455
2009-01-21,TLT,-0.031589,-0.0137311295
2009-01-22,TLT,-0.019246,0.059886057
2009-01-23,TLT,-0.007831,0.029364793
2009-01-26,TLT,-0.008729,0.05459526
2009-01-27,TLT,0.023513,0.08676129
2009-01-28,TLT,-0.024986,0.05121168
2009-01-29,TLT,-0.022998,-0.014121918
2009-01-30,TLT,-0.003171,0.05063864
2009-02-02,TLT,0.018557,0.033964608
2009-02-03,TLT,-0.023816,0.018729625
2009-02-04,TLT,-0.003499,-0.026037702
2009-02-05,TLT,0.000878,0.055464145
2009-02-06,TLT,-0.003119,0.05702471
2009-02-09,TLT,0.003226,-0.04321911
2009-02-10,TLT,0.021731,-0.051178895
2009-02-11,TLT,0.012971,0.01682984
2009-02-12,TLT,-0.009415,0.015418615
2009-02-13,TLT,-0.026613,-0.017307825
2009-02-16,TLT,0.0,0.048888493
2009-02-17,TLT,0.031149,-0.046751287
2009-02-18,TLT,-0.008523,0.041530743
2009-02-19,TLT,-0.017001,0.040195335
2009-02-20,TLT,0.009716,-0.04460762
2009-02-23,TLT,0.009238,-0.023325142
2009-02-24,TLT,-0.001049,-0.032441273
2009-02-25,TLT,-0.011549,-0.045379136
2009-02-26,TLT,-0.010525,0.05819952
2009-02-27,TLT,-0.005758,0.059158854
2009-03-02,TLT,0.016511,-0.010805768
2009-03-03,TLT,-0.006681,-0.037362736
2009-03-04,TLT,-0.004581,0.025700262
2009-03-05,TLT,0.02781,0.014789121
2009-03-06,TLT,-0.006669,0.014660848
2009-03-09,TLT,-0.005851,-0.06255788
2009-03-10,TLT,-0.019199,-0.022550136
2009-03-11,TLT,0.01082,-0.06563225
2009-03-12,TLT,0.004768,0.008141765
2009-03-13,TLT,-0.005036,0.0031778088
2009-03-16,TLT,-0.01577,0.042371206
2009-03-17,TLT,-0.00544,-0.03567714
2009-03-18,TLT,0.037888,0.006462731
2009-03-19,TLT,0.001246,0.024123432
2009-03-20,TLT,-0.00555,0.05442316
2009-03-23,TLT,-0.008661,0.029317342
2009-03-24,TLT,0.009513,0.038804498
2009-03-25,TLT,-0.013462,-0.016065694
2009-03-26,TLT,0.011598,-0.042264324
2009-03-27,TLT,0.007419,0.03013989
2009-03-30,TLT,0.003826,0.009904623
2009-03-31,TLT,0.007146,-0.03825684
2009-04-01,TLT,0.009102,-0.021778833
2009-04-02,TLT,-0.012222,-0.036555137
2009-04-03,TLT,-0.020463,-0.019794637
2009-04-06,TLT,-0.004275,0.030497367
2009-04-07,TLT,0.002537,0.031288546
2009-04-08,TLT,0.008857,0.039394576
2009-04-09,TLT,-0.012542,0.05031631
2009-04-10,TLT,0.0,-0.046496995
2009-04-13,TLT,0.009184,0.0050593214
2009-04-14,TLT,0.005228,0.047588166
2009-04-15,TLT,-0.001734,0.0498123
2009-04-16,TLT,-0.007911,-0.048568316
2009-04-17,TLT,-0.010989,-0.02123212
2009-04-20,TLT,0.015143,0.05226594
2009-04-21,TLT,-0.00988,0.023649279
2009-04-22,TLT,-0.006065,-0.04877157
2009-04-23,TLT,-9.8e-05,-0.041373625
2009-04-24,TLT,-0.01004,0.016367191
2009-04-27,TLT,0.004276,0.05633806
2009-04-28,TLT,-0.016337,-0.046938416
2009-04-29,TLT,-0.008858,-0.03259973
2009-04-30,TLT,-0.003961,-0.034707043
2009-05-01,TLT,-0.006865,-0.04313759
2009-05-04,TLT,0.003295,0.02489743
2009-05-05,TLT,-0.001232,-0.039545916
2009-05-06,TLT,-0.002364,0.046340324
2009-05-07,TLT,-0.024413,0.018661724
2009-05-08,TLT,0.002429,0.004242032
2009-05-11,TLT,0.014219,0.007999168
2009-05-12,TLT,0.003635,0.027031045
2009-05-13,TLT,0.010865,0.037469413
2009-05-14,TLT,0.00389,-0.021426631
2009-05-15,TLT,-0.000306,0.03715157
2009-05-18,TLT,-0.015504,0.03198948
2009-05-19,TLT,-0.005284,-0.030823423
2009-05-20,TLT,0.01052,-0.042115547
2009-05-21,TLT,-0.025149,-0.047540147
2009-05-22,TLT,-0.011102,0.036062658
2009-05-25,TLT,0.0,-0.037089143
2009-05-26,TLT,-0.015075,0.046039537
2009-05-27,TLT,-0.017673,-0.032064598
2009-05-28,TLT,0.014454,0.045838647
2009-05-29,TLT,0.025817,-0.048192434
2009-06-01,TLT,-0.029463,0.040579524
2009-06-02,TLT,0.005379,-0.03475352
2009-06-03,TLT,0.009391,0.024077838
2009-06-04,TLT,-0.020662,-0.013877974
2009-06-05,TLT,-0.007622,0.018617006
2009-06-08,TLT,-0.00256,-0.03716916
2009-06-09,TLT,-0.000112,0.040787786
2009-06-10,TLT,-0.015737,-0.04684091
2009-06-11,TLT,0.011112,-0.058238413
2009-06-12,TLT,0.008972,0.032734513
2009-06-15,TLT,0.009003,-0.031036569
2009-06-16,TLT,0.017405,0.03398699
2009-06-17,TLT,-0.00563,-0.055724636
2009-06-18,TLT,-0.015135,0.013032445
2009-06-19,TLT,0.013709,0.015461326
2009-06-22,TLT,0.009707,-0.028720971
2009-06-23,TLT,0.011774,0.019699829
2009-06-24,TLT,-0.010035,-0.03757856
2009-06-25,TLT,0.018333,-0.043097816
2009-06-26,TLT,0.001694,-0.066159785
2009-06-29,TLT,0.00148,-0.044581532
2009-06-30,TLT,-0.001689,-0.091275685
2009-07-01,TLT,-0.001974,-0.029871536
2009-07-02,TLT,0.002338,0.02063121
2009-07-03,TLT,0.0,0.054557856
2009-07-06,TLT,-0.001909,-0.039739367
2009-07-07,TLT,0.006694,0.01649859
2009-07-08,TLT,0.01847,0.037922002
2009-07-09,TLT,-0.011917,0.027155953
2009-07-10,TLT,0.009229,-0.069018975
2009-07-13,TLT,-0.005612,0.045800902
2009-07-14,TLT,-0.016616,-0.046990637
2009-07-15,TLT,-0.025717,-0.04660703
2009-07-16,TLT,0.010798,0.030338347
2009-07-17,TLT,-0.015431,-0.06255608
2009-07-20,TLT,0.005261,-0.07163281
2009-07-21,TLT,0.019952,0.011663051
2009-07-22,TLT,-0.008979,0.017159902
2009-07-23,TLT,-0.018337,-0.055770572
2009-07-24,TLT,0.004835,-0.036769237
2009-07-27,TLT,-0.011482,-0.049923714
2009-07-28,TLT,0.00885,-0.038449768
2009-07-29,TLT,0.005482,0.050466396
2009-07-30,TLT,0.014177,0.039318
2009-07-31,TLT,0.019462,-0.027894944
2009-08-03,TLT,-0.015099,0.0407568
2009-08-04,TLT,-0.007952,0.048442915
2009-08-05,TLT,-0.014948,0.053739768
2009-08-06,TLT,0.003409,-0.016193945
2009-08-07,TLT,-0.008329,-0.05790071
2009-08-10,TLT,0.012488,-0.049213756
2009-08-11,TLT,0.011569,-0.03324986
2009-08-12,TLT,-0.010682,0.017502593
2009-08-13,TLT,0.014178,0.0153097445
2009-08-14,TLT,0.003871,0.025759032
2009-08-17,TLT,0.014783,-0.024137897
2009-08-18,TLT,-0.005806,-0.041155253
2009-08-19,TLT,0.008282,-0.07291459
2009-08-20,TLT,0.008214,0.03082207
2009-08-21,TLT,-0.020577,0.025770912
2009-08-24,TLT,0.01813,0.030574733
2009-08-25,TLT,0.005656,-0.03502588
2009-08-26,TLT,0.004583,0.015487653
2009-08-27,TLT,-0.00394,0.031632446
2009-08-28,TLT,0.00458,-0.008963474
2009-08-31,TLT,0.000933,0.009832713
2009-09-01,TLT,-0.002407,0.019659106
2009-09-02,TLT,0.014574,-0.025574008
2009-09-03,TLT,-0.006156,-0.072619684
2009-09-04,TLT,-0.017035,-0.052553553
2009-09-07,TLT,0.0,-0.019852461
2009-09-08,TLT,-0.007037,-0.0348908
2009-09-09,TLT,-0.001164,-0.038078394
2009-09-10,TLT,0.018426,-0.062387142
2009-09-11,TLT,0.005511,-0.042825833
2009-09-14,TLT,-0.009928,0.02431997
2009-09-15,TLT,-0.005118,-0.05085683
2009-09-16,TLT,0.001785,-0.023529893
2009-09-17,TLT,0.012576,-0.05899178
2009-09-18,TLT,-0.008901,-0.038766377
2009-09-21,TLT,0.002297,-0.07000506
2009-09-22,TLT,0.002084,0.030846363
2009-09-23,TLT,0.003015,-0.060917437
2009-09-24,TLT,0.002902,-0.07806489
2009-09-25,TLT,0.012713,-0.057606418
2009-09-28,TLT,0.008777,-0.039641477
2009-09-29,TLT,-0.000911,-0.07989723
2009-09-30,TLT,-0.000911,-0.063791156
2009-10-01,TLT,0.013656,-0.031056609
2009-10-02,TLT,-0.006921,-0.018632488
2009-10-05,TLT,0.000101,-0.026644336
2009-10-06,TLT,-0.009897,0.02619634
2009-10-07,TLT,0.01173,-0.037173096
2009-10-08,TLT,-0.010485,-0.0706621
2009-10-09,TLT,-0.022924,0.071005255
2009-10-12,TLT,0.001564,-0.025783824
2009-10-13,TLT,0.005206,-0.0673982
2009-10-14,TLT,-0.014811,-0.04499248
2009-10-15,TLT,-0.004626,-0.030319057
2009-10-16,TLT,0.008133,-0.023160923
2009-10-19,TLT,0.007858,-0.08814384
2009-10-20,TLT,0.005405,0.03908929
2009-10-21,TLT,-0.005997,-0.08099266
2009-10-22,TLT,-0.004889,0.0133932475
2009-10-23,TLT,-0.007526,0.00976755
2009-10-26,TLT,-0.012954,-0.05747668
2009-10-27,TLT,0.013658,0.033478297
2009-10-28,TLT,0.004737,-0.06591587
2009-10-29,TLT,-0.010896,-0.044013165
2009-10-30,TLT,0.014511,0.050431985
2009-11-02,TLT,-0.004403,-0.06951318
2009-11-03,TLT,-0.009995,-0.019600017
2009-11-04,TLT,-0.009139,0.030503895
2009-11-05,TLT,0.0,-0.052019663
2009-11-06,TLT,0.000965,-0.041396737
2009-11-09,TLT,0.001179,0.0069010467
2009-11-10,TLT,-0.001819,-0.030482292
2009-11-11,TLT,0.004181,-0.0542892
2009-11-12,TLT,-0.001815,-0.01607156
2009-11-13,TLT,0.004599,-0.03025369
2009-11-16,TLT,0.011712,-0.023942607
2009-11-17,TLT,0.005367,-0.07750105
2009-11-18,TLT,-0.005862,-0.0129462015
2009-11-19,TLT,0.00179,0.03196208
2009-11-20,TLT,-0.00021,-0.024261374
2009-11-23,TLT,-0.001262,-0.02414672
2009-11-24,TLT,0.006316,-0.039846465
2009-11-25,TLT,0.004603,0.037503466
2009-11-26,TLT,0.0,-0.0069454447
2009-11-27,TLT,0.003748,0.037151415
2009-11-30,TLT,0.002386,-0.026978541
2009-12-01,TLT,-0.011108,-0.032685205
2009-12-02,TLT,0.00084,0.02396937
2009-12-03,TLT,-0.010385,0.04340106
2009-12-04,TLT,-0.0106,-0.028119419
2009-12-07,TLT,0.001286,-0.037456576
2009-12-08,TLT,0.001498,-0.027749103
2009-12-09,TLT,-0.004594,-0.031387042
2009-12-10,TLT,-0.011484,-0.026519574
2009-12-11,TLT,-0.000109,-0.022473475
2009-12-14,TLT,0.001194,-0.04015047
2009-12-15,TLT,-0.004447,-0.08614036
2009-12-16,TLT,-0.001198,-0.057863306
2009-12-17,TLT,0.01647,-0.040845904
2009-12-18,TLT,-0.004292,0.008315249
2009-12-21,TLT,-0.017782,0.021422293
2009-12-22,TLT,-0.005596,-0.024208494
2009-12-23,TLT,0.000221,-0.04004089
2009-12-24,TLT,-0.01037,-0.03134204
2009-12-25,TLT,0.0,-0.0123843625
2009-12-28,TLT,-0.002787,-0.041315816
2009-12-29,TLT,0.006575,-0.014872251
2009-12-30,TLT,0.006575,-0.028467571
2009-12-31,TLT,-0.004761,-0.016444912
2009-01-01,USO,0.0,-0.045311436
2009-01-02,USO,0.076435,-0.043692876
2009-01-05,USO,0.046871,-0.019242223
2009-01-06,USO,-0.00134,-0.043256585
2009-01-07,USO,-0.106846,0.0188347
2009-01-08,USO,-0.002104,-0.0060459943
2009-01-09,USO,-0.025,-0.036695037
2009-01-12,USO,-0.053136,-0.010657518
2009-01-13,USO,0.038825,0.009721227
2009-01-14,USO,-0.019158,0.003138136
2009-01-15,USO,-0.033621,0.017855976
2009-01-16,USO,-0.010603,-0.039511036
2009-01-19,USO,0.0,-0.045977633
2009-01-20,USO,-0.040188,0.034044858
2009-01-21,USO,0.082694,-0.049385536
2009-01-22,USO,-0.032549,-0.046047248
2009-01-23,USO,0.076949,-0.043778397
2009-01-26,USO,-0.005877,-0.011414172
2009-01-27,USO,-0.082141,-0.0053846245
2009-01-28,USO,0.008475,-0.013708585
2009-01-29,USO,-0.017815,-0.042052887
2009-01-30,USO,0.0,-0.01927964
2009-02-02,USO,-0.028063,-0.022352736
2009-02-03,USO,0.016549,-0.032442328
2009-02-04,USO,-0.020783,-0.04986294
2009-02-05,USO,0.019101,-0.044688802
2009-02-06,USO,-0.021173,0.022713484
2009-02-09,USO,0.001773,-0.056139544
2009-02-10,USO,-0.047434,-0.06103857
2009-02-11,USO,-0.030844,-0.028316617
2009-02-12,USO,0.001917,-0.054450944
2009-02-13,USO,-0.020283,-0.050446704
2009-02-16,USO,0.0,-0.06708528
2009-02-17,USO,-0.083594,-0.062502064
2009-02-18,USO,-0.025575,-0.025674054
2009-02-19,USO,0.062117,-0.022831168
2009-02-20,USO,0.002883,-0.0361567
2009-02-23,USO,-0.0423,0.006171733
2009-02-24,USO,0.048027,-0.052452732
2009-02-25,USO,0.06383,-0.037548143
2009-02-26,USO,0.047308,-0.010736529
2009-02-27,USO,-0.00661,0.00529895
2009-03-02,USO,-0.095009,-0.051660024
2009-03-03,USO,0.037173,-0.031149505
2009-03-04,USO,0.087436,-0.012483642
2009-03-05,USO,-0.03803,-0.024836084
2009-03-06,USO,0.05384,-0.024051618
2009-03-09,USO,0.02358,-0.029555574
2009-03-10,USO,-0.028621,-0.021895992
2009-03-11,USO,-0.054977,-0.038335
2009-03-12,USO,0.073422,-0.016795449
2009-03-13,USO,-0.021289,-0.045598097
2009-03-16,USO,0.022439,-0.040026125
2009-03-17,USO,0.042124,-0.02678861
2009-03-18,USO,0.005774,-0.017677862
2009-03-19,USO,0.025329,-0.012119328
2009-03-20,USO,0.013175,-0.033700578
2009-03-23,USO,0.03316,-0.01087505
2009-03-24,USO,-0.005349,-0.02943691
2009-03-25,USO,-0.012654,-0.045019493
2009-03-26,USO,0.025953,-0.032082018
2009-03-27,USO,-0.039663,-0.014843672
2009-03-30,USO,-0.066667,-0.017208964
2009-03-31,USO,0.012195,-0.04172491
2009-04-01,USO,-0.016179,-0.040923458
2009-04-02,USO,0.083975,-0.0441421
2009-04-03,USO,-0.001614,-0.016187686
2009-04-06,USO,-0.022632,0.0097962925
2009-04-07,USO,-0.042673,-0.012984316
2009-04-08,USO,0.019005,-0.009403903
2009-04-09,USO,0.040692,-0.014849005
2009-04-10,USO,0.0,-0.011076378
2009-04-13,USO,-0.03291,-0.045537613
2009-04-14,USO,-0.015836,0.013310655
2009-04-15,USO,0.003423,-0.01763774
2009-04-16,USO,-0.000682,-0.04920689
2009-04-17,USO,0.005463,-0.012805061
2009-04-20,USO,-0.075722,0.0102283945
2009-04-21,USO,0.004041,-0.026157215
2009-04-22,USO,0.000366,-0.013721947
2009-04-23,USO,0.019751,-0.01756491
2009-04-24,USO,0.036585,-0.016526412
2009-04-27,USO,-0.028374,-0.01987059
2009-04-28,USO,-0.008191,-0.043755695
2009-04-29,USO,0.025494,-0.028006615
2009-04-30,USO,0.002451,-0.023656601
2009-05-01,USO,0.034579,-0.0138108125
2009-05-04,USO,0.031735,-0.04028022
2009-05-05,USO,-0.013416,-0.03848721
2009-05-06,USO,0.042454,-0.0181752
2009-05-07,USO,0.001909,-0.018812777
2009-05-08,USO,0.031756,0.015458299
2009-05-11,USO,-0.006156,-0.051517833
2009-05-12,USO,0.01053,0.0070142155
2009-05-13,USO,-0.013485,-0.039186876
2009-05-14,USO,0.006524,0.030474382
2009-05-15,USO,-0.033951,0.018701047
2009-05-18,USO,0.045048,-0.033061918
2009-05-19,USO,0.002446,-0.01506909
2009-05-20,USO,0.032937,-0.027727164
2009-05-21,USO,-0.014467,-0.05389987
2009-05-22,USO,0.009587,-0.01265052
2009-05-25,USO,0.0,-0.050555866
2009-05-26,USO,0.012166,0.013052117
2009-05-27,USO,0.013838,-0.02482139
2009-05-28,USO,0.021919,0.01477223
2009-05-29,USO,0.029994,-0.050426442
2009-06-01,USO,0.028297,0.015347818
2009-06-02,USO,0.004809,-0.02022034
2009-06-03,USO,-0.036161,-0.0064740963
2009-06-04,USO,0.039724,-0.049170632
2009-06-05,USO,-0.007694,-0.011155562
2009-06-08,USO,0.003743,-0.01826677
2009-06-09,USO,0.017315,0.01886933
2009-06-10,USO,0.020424,-0.018520538
2009-06-11,USO,0.018219,-0.048778065
2009-06-12,USO,-0.0063,-0.048754122
2009-06-15,USO,-0.023079,-0.008462019
2009-06-16,USO,-0.00026,-0.00047571427
2009-06-17,USO,0.004934,-0.015500183
2009-06-18,USO,0.003876,0.012999813
2009-06-19,USO,-0.022651,0.013845473
2009-06-22,USO,-0.045299,0.014877218
2009-06-23,USO,0.032,-0.029055879
2009-06-24,USO,-0.008554,-0.00819405
2009-06-25,USO,0.025883,0.0077142566
2009-06-26,USO,-0.014192,-0.009720969
2009-06-29,USO,0.030925,-0.03894761
2009-06-30,USO,-0.019136,-0.0025722974
2009-07-01,USO,-0.012391,-0.008069509
2009-07-02,USO,-0.03764,0.0119030755
2009-07-03,USO,0.0,-0.046855778
2009-07-06,USO,-0.037171,-0.036829118
2009-07-07,USO,-0.025929,-0.005908047
2009-07-08,USO,-0.036676,0.018614812
2009-07-09,USO,0.006141,0.019318962
2009-07-10,USO,-0.011993,0.016436044
2009-07-13,USO,-0.000216,-0.046158183
2009-07-14,USO,-0.008032,-0.01943441
2009-07-15,USO,0.042354,0.0028485884
2009-07-16,USO,0.002689,0.02302881
2009-07-17,USO,0.020262,-0.053730365
2009-07-20,USO,0.017231,-0.050759573
2009-07-21,USO,0.003158,0.0072907032
2009-07-22,USO,-0.003721,0.017938767
2009-07-23,USO,0.028153,0.0035039517
2009-07-24,USO,0.012042,-0.039444193
2009-07-27,USO,0.002733,-0.016878055
2009-07-28,USO,-0.015419,-0.03404067
2009-07-29,USO,-0.064038,-0.029776124
2009-07-30,USO,0.060353,0.0154956505
2009-07-31,USO,0.037194,-0.03165592
2009-08-03,USO,0.030155,-0.0045749038
2009-08-04,USO,0.001319,-0.033778336
2009-08-05,USO,0.006057,-0.045002125
2009-08-06,USO,0.001832,0.025773138
2009-08-07,USO,-0.016201,0.008305811
2009-08-10,USO,0.001594,0.0059427754
2009-08-11,USO,-0.02254,0.008529782
2009-08-12,USO,0.013293,-0.00043652288
2009-08-13,USO,0.012048,-0.003441852
2009-08-14,USO,-0.046825,0.027015025
2009-08-17,USO,-0.014155,0.017477158
2009-08-18,USO,0.037725,-0.036714323
2009-08-19,USO,0.034183,0.025302472
2009-08-20,USO,-0.011805,0.033229116
2009-08-21,USO,0.014866,0.02384515
2009-08-24,USO,0.001831,-0.026182907
2009-08-25,USO,-0.029504,-0.024562977
2009-08-26,USO,-0.005919,0.015566582
2009-08-27,USO,0.020839,0.02872784
2009-08-28,USO,-0.001591,0.04034325
2009-08-31,USO,-0.042751,-0.0378901
2009-09-01,USO,-0.021637,0.013812433
2009-09-02,USO,-0.002552,-0.022756493
2009-09-03,USO,0.00398,-0.033117563
2009-09-04,USO,-0.005379,0.013185899
2009-09-07,USO,0.0,0.015473902
2009-09-08,USO,0.051523,0.013716533
2009-09-09,USO,0.0,-0.012817271
2009-09-10,USO,0.011641,0.02722444
2009-09-11,USO,-0.041477,0.0295747
2009-09-14,USO,-0.003071,-0.02714312
2009-09-15,USO,0.027723,0.010721026
2009-09-16,USO,0.019891,0.018514792
2009-09-17,USO,0.001603,-0.0033366766
2009-09-18,USO,-0.009869,0.011524428
2009-09-21,USO,-0.034213,-0.0013710052
2009-09-22,USO,0.03152,0.016029632
2009-09-23,USO,-0.050027,-0.0031611144
2009-09-24,USO,-0.03302,0.013641088
2009-09-25,USO,0.000883,0.02131851
2009-09-28,USO,0.015,-0.006247766
2009-09-29,USO,-0.005795,0.03210982
2009-09-30,USO,0.054794,0.009958808
2009-10-01,USO,0.001105,0.0073848125
2009-10-02,USO,-0.009937,-0.01878615
2009-10-05,USO,0.008642,0.025723092
2009-10-06,USO,0.00995,-0.027677294
2009-10-07,USO,-0.015873,-0.011799616
2009-10-08,USO,0.020022,0.010173188
2009-10-09,USO,0.013086,0.014079937
2009-10-12,USO,0.014263,0.027531605
2009-10-13,USO,0.012205,0.011568412
2009-10-14,USO,0.012058,-0.017123746
2009-10-15,USO,0.03367,0.0067678075
2009-10-16,USO,0.01353,-0.014117882
2009-10-19,USO,0.007664,-0.009303922
2009-10-20,USO,-0.009078,0.005038587
2009-10-21,USO,0.023273,0.0125083225
2009-10-22,USO,0.003387,0.03032113
2009-10-23,USO,-0.013504,0.011583007
2009-10-26,USO,-0.019066,0.017808916
2009-10-27,USO,0.011463,-0.024303133
2009-10-28,USO,-0.027839,0.02087531
2009-10-29,USO,0.036493,0.023925535
2009-10-30,USO,-0.038631,0.010027955
2009-11-02,USO,0.016531,0.019337766
2009-11-03,USO,0.016262,0.016301043
2009-11-04,USO,0.009109,-0.010084282
2009-11-05,USO,-0.004635,0.03537584
2009-11-06,USO,-0.026961,0.007626098
2009-11-09,USO,0.020151,0.010035919
2009-11-10,USO,-0.002222,0.006672229
2009-11-11,USO,0.003464,0.018850418
2009-11-12,USO,-0.031566,-0.003227685
2009-11-13,USO,-0.00382,0.009272832
2009-11-16,USO,0.029908,-0.01209046
2009-11-17,USO,0.004716,0.022949403
2009-11-18,USO,0.004694,0.012591662
2009-11-19,USO,-0.024834,0.018129524
2009-11-20,USO,-0.006051,0.013046201
2009-11-23,USO,-0.001015,0.0017910631
2009-11-24,USO,-0.020315,0.011678455
2009-11-25,USO,0.023847,0.016786039
2009-11-26,USO,0.0,-0.0020100228
2009-11-27,USO,-0.025316,0.007610506
2009-11-30,USO,0.016883,0.012969954
2009-12-01,USO,0.012005,0.01308915
2009-12-02,USO,-0.019687,0.008970347
2009-12-03,USO,-0.008239,0.016893301
2009-12-04,USO,-0.004932,0.011066808
2009-12-07,USO,-0.021915,0.012626494
2009-12-08,USO,-0.017071,0.013110982
2009-12-09,USO,-0.026594,0.016851963
2009-12-10,USO,-0.003903,0.0076554427
2009-12-11,USO,-0.006997,0.009245119
2009-12-14,USO,0.002819,0.01842147
2009-12-15,USO,0.009837,-0.008353498
2009-12-16,USO,0.022544,0.019961301
2009-12-17,USO,-0.010343,0.023371626
2009-12-18,USO,0.008251,0.019628419
2009-12-21,USO,-0.013639,0.018552452
2009-12-22,USO,0.011062,0.014481717
2009-12-23,USO,0.032276,0.011062136
2009-12-24,USO,0.012189,0.010248583
2009-12-25,USO,0.0,0.012385915
2009-12-28,USO,0.017277,0.0148633905
2009-12-29,USO,-0.000515,0.017271291
2009-12-30,USO,0.007724,0.020084728
2009-12-31,USO,0.003577,0.0065084626
2009-01-01,GLD,0.0,-0.0105774775
2009-01-02,GLD,-0.003352,-0.011292823
2009-01-05,GLD,-0.020295,0.01927367
2009-01-06,GLD,0.007694,-0.012619448
2009-01-07,GLD,-0.027957,0.028199825
2009-01-08,GLD,0.020665,0.026917748
2009-01-09,GLD,-0.006394,-0.014775846
2009-01-12,GLD,-0.037655,0.021211442
2009-01-13,GLD,0.001486,-0.019292045
2009-01-14,GLD,-0.013477,0.021864822
2009-01-15,GLD,0.00752,-0.008323159
2009-01-16,GLD,0.028859,-0.016819306
2009-01-19,GLD,0.0,-0.002846091
2009-01-20,GLD,0.021884,0.04765396
2009-01-21,GLD,-0.004378,-0.02286636
2009-01-22,GLD,0.00511,0.012613511
2009-01-23,GLD,0.046701,-0.020065904
2009-01-26,GLD,0.004744,0.01444821
2009-01-27,GLD,-0.006408,0.04436017
2009-01-28,GLD,-0.010919,0.043439064
2009-01-29,GLD,0.023852,0.015743304
2009-01-30,GLD,0.020223,0.038010314
2009-02-02,GLD,-0.027051,0.03934327
2009-02-03,GLD,-0.004165,0.03663101
2009-02-04,GLD,0.008025,0.018080764
2009-02-05,GLD,0.010541,0.039189294
2009-02-06,GLD,-0.005881,0.03300723
2009-02-09,GLD,-0.014176,-0.001282493
2009-02-10,GLD,0.021399,0.021304553
2009-02-11,GLD,0.023057,0.019446833
2009-02-12,GLD,0.009535,0.003877227
2009-02-13,GLD,-0.006654,0.025610838
2009-02-16,GLD,0.0,0.042624835
2009-02-17,GLD,0.031334,0.018947568
2009-02-18,GLD,0.015296,0.0424267
2009-02-19,GLD,-0.011764,0.032053653
2009-02-20,GLD,0.021197,0.020581756
2009-02-23,GLD,-0.000716,0.03450785
2009-02-24,GLD,-0.030697,0.019228049
2009-02-25,GLD,-0.016679,0.019009268
2009-02-26,GLD,-0.000998,0.032894656
2009-02-27,GLD,-0.004589,0.03316752
2009-03-02,GLD,-0.018353,0.05030332
2009-03-03,GLD,-0.009788,0.026385969
2009-03-04,GLD,-0.011662,0.033895362
2009-03-05,GLD,0.033678,0.023851115
2009-03-06,GLD,0.003294,0.025147289
2009-03-09,GLD,-0.018637,0.019684995
2009-03-10,GLD,-0.02683,0.031357497
2009-03-11,GLD,0.012253,-0.02458478
2009-03-12,GLD,0.021071,0.026513597
2009-03-13,GLD,0.002195,0.014134386
2009-03-16,GLD,-0.005476,0.032350197
2009-03-17,GLD,-0.00837,0.024506412
2009-03-18,GLD,0.033874,0.02604053
2009-03-19,GLD,0.013535,0.029451964
2009-03-20,GLD,-0.008055,0.03283252
2009-03-23,GLD,-0.016134,0.03309653
2009-03-24,GLD,-0.012272,0.026132517
2009-03-25,GLD,0.011325,0.026892547
2009-03-26,GLD,-0.000544,0.023705617
2009-03-27,GLD,-0.013489,0.045940366
2009-03-30,GLD,-0.007829,0.010531434
2009-03-31,GLD,0.003334,0.014423481
2009-04-01,GLD,0.008307,0.0111425
2009-04-02,GLD,-0.024497,0.011531476
2009-04-03,GLD,-0.013626,0.014405346
2009-04-06,GLD,-0.026487,0.031108728
2009-04-07,GLD,0.017239,-0.0032386305
2009-04-08,GLD,-0.001499,0.035547525
2009-04-09,GLD,-0.003464,0.036630627
2009-04-10,GLD,0.0,0.01659493
2009-04-13,GLD,0.01819,-0.007540235
2009-04-14,GLD,-0.005803,0.036764
2009-04-15,GLD,0.001488,0.028492343
2009-04-16,GLD,-0.019314,0.014234022
2009-04-17,GLD,-0.006876,0.044572193
2009-04-20,GLD,0.0203,0.024466788
2009-04-21,GLD,-0.00069,0.019404998
2009-04-22,GLD,0.005639,0.035609994
2009-04-23,GLD,0.016251,0.04917063
2009-04-24,GLD,0.01036,0.030276079
2009-04-27,GLD,-0.007913,0.039832927
2009-04-28,GLD,-0.014156,0.02154483
2009-04-29,GLD,0.00661,0.018363684
2009-04-30,GLD,-0.012001,0.023516994
2009-05-01,GLD,-0.003667,0.022072956
2009-05-04,GLD,0.019438,-0.004966409
2009-05-05,GLD,-0.004401,0.006732455
2009-05-06,GLD,0.014618,0.045898926
2009-05-07,GLD,-0.001117,0.011993104
2009-05-08,GLD,0.006038,0.0158295
2009-05-11,GLD,-0.003223,-0.028322745
2009-05-12,GLD,0.011261,0.020756545
2009-05-13,GLD,0.0043,0.026265753
2009-05-14,GLD,-0.000659,0.05678592
2009-05-15,GLD,0.005712,0.023742752
2009-05-18,GLD,-0.012998,0.017441917
2009-05-19,GLD,0.00664,0.020474708
2009-05-20,GLD,0.014182,0.019411415
2009-05-21,GLD,0.017344,0.0145215625
2009-05-22,GLD,0.003197,0.02955661
2009-05-25,GLD,0.0,0.022368554
2009-05-26,GLD,-0.004142,0.032576256
2009-05-27,GLD,-0.003306,0.023655713
2009-05-28,GLD,0.008454,0.028272066
2009-05-29,GLD,0.020798,0.016716922
2009-06-01,GLD,-0.004886,0.04475989
2009-06-02,GLD,0.006581,0.022162175
2009-06-03,GLD,-0.020237,0.02696801
2009-06-04,GLD,0.019278,0.03583841
2009-06-05,GLD,-0.026187,0.031485006
2009-06-08,GLD,-0.001601,0.01743711
2009-06-09,GLD,0.002886,0.038109228
2009-06-10,GLD,0.00032,0.025160784
2009-06-11,GLD,-0.001705,-0.01414427
2009-06-12,GLD,-0.016329,0.03783277
2009-06-15,GLD,-0.011609,0.037287332
2009-06-16,GLD,0.009111,0.03278206
2009-06-17,GLD,0.004569,0.02515219
2009-06-18,GLD,-0.008013,0.03508051
2009-06-19,GLD,0.003166,0.03387367
2009-06-22,GLD,-0.014799,0.019968702
2009-06-23,GLD,0.004197,0.024244832
2009-06-24,GLD,0.005829,0.03282161
2009-06-25,GLD,0.009404,0.018863328
2009-06-26,GLD,-0.000217,0.015760923
2009-06-29,GLD,-0.002709,0.013000629
2009-06-30,GLD,-0.009344,0.03347501
2009-07-01,GLD,0.01327,0.033947695
2009-07-02,GLD,-0.012339,0.024976224
2009-07-03,GLD,0.0,0.03258603
2009-07-06,GLD,-0.00537,0.012128308
2009-07-07,GLD,-0.000551,0.02196097
2009-07-08,GLD,-0.015875,0.035620432
2009-07-09,GLD,0.002689,0.02749995
2009-07-10,GLD,0.000782,0.029698623
2009-07-13,GLD,0.00681,0.028888106
2009-07-14,GLD,0.006874,0.02490831
2009-07-15,GLD,0.015747,0.0152225625
2009-07-16,GLD,-0.002819,0.027055107
2009-07-17,GLD,-0.000544,0.029930424
2009-07-20,GLD,0.014685,0.028192911
2009-07-21,GLD,-0.001608,0.038851425
2009-07-22,GLD,0.003329,0.029498795
2009-07-23,GLD,-0.001926,0.020609172
2009-07-24,GLD,0.001608,0.014623967
2009-07-27,GLD,0.003212,0.0244646
2009-07-28,GLD,-0.017074,-0.003217942
2009-07-29,GLD,-0.00988,0.034296878
2009-07-30,GLD,0.004605,0.03316734
2009-07-31,GLD,0.018882,0.02705049
2009-08-03,GLD,0.00557,0.0345577
2009-08-04,GLD,0.008629,0.0223435
2009-08-05,GLD,0.001056,0.03078486
2009-08-06,GLD,-0.001899,0.037757486
2009-08-07,GLD,-0.008985,0.025889192
2009-08-10,GLD,-0.008779,0.031496122
2009-08-11,GLD,-0.001474,0.04271195
2009-08-12,GLD,0.001724,0.037547044
2009-08-13,GLD,0.008284,0.027518094
2009-08-14,GLD,-0.007682,0.028665313
2009-08-17,GLD,-0.014946,0.04033358
2009-08-18,GLD,0.004912,-0.025240058
2009-08-19,GLD,0.005127,0.05439409
2009-08-20,GLD,-0.002831,0.036804967
2009-08-21,GLD,0.014956,0.019828811
2009-08-24,GLD,-0.013988,0.025979804
2009-08-25,GLD,0.004548,0.015511608
2009-08-26,GLD,0.000323,0.031531688
2009-08-27,GLD,0.004311,0.030105127
2009-08-28,GLD,0.007297,0.03568111
2009-08-31,GLD,-0.005007,-0.011464216
2009-09-01,GLD,0.005353,0.026500208
2009-09-02,GLD,0.024388,0.017606013
2009-09-03,GLD,0.013203,0.019889092
2009-09-04,GLD,0.000708,0.022733338
2009-09-07,GLD,0.0,0.03887068
2009-09-08,GLD,-0.001015,0.019937282
2009-09-09,GLD,-0.003592,-0.0030821057
2009-09-10,GLD,0.006386,0.039990813
2009-09-11,GLD,0.011054,0.020823216
2009-09-14,GLD,-0.008301,0.021705223
2009-09-15,GLD,0.009596,0.015991984
2009-09-16,GLD,0.010212,0.029258825
2009-09-17,GLD,-0.005705,0.015543899
2009-09-18,GLD,-0.006744,0.02068656
2009-09-21,GLD,-0.003142,-0.0059026913
2009-09-22,GLD,0.013318,0.024943057
2009-09-23,GLD,-0.008428,0.010427358
2009-09-24,GLD,-0.012952,-0.008387571
2009-09-25,GLD,-0.005638,-0.0060609314
2009-09-28,GLD,0.000515,-0.01159588
2009-09-29,GLD,0.003915,0.011390556
2009-09-30,GLD,0.014575,-0.01241893
2009-10-01,GLD,-0.009712,0.018098222
2009-10-02,GLD,0.004903,0.037386518
2009-10-05,GLD,0.01474,0.016562698
2009-10-06,GLD,0.024644,-0.016921598
2009-10-07,GLD,0.000792,0.0198592
2009-10-08,GLD,0.012495,0.014240702
2009-10-09,GLD,-0.007719,0.04109234
2009-10-12,GLD,0.007001,0.021597018
2009-10-13,GLD,0.006759,0.016779093
2009-10-14,GLD,-0.000767,0.032062363
2009-10-15,GLD,-0.01267,0.025088223
2009-10-16,GLD,0.003111,0.009242936
2009-10-19,GLD,0.010176,0.021254787
2009-10-20,GLD,-0.007771,0.032026198
2009-10-21,GLD,0.003143,0.016213689
2009-10-22,GLD,0.001687,0.023936851
2009-10-23,GLD,-0.004138,0.016844168
2009-10-26,GLD,-0.01575,0.015010596
2009-10-27,GLD,-9.8e-05,0.021214565
2009-10-28,GLD,-0.010997,0.04230556
2009-10-29,GLD,0.019438,0.019225596
2009-10-30,GLD,-0.001539,0.030112615
2009-11-02,GLD,0.01385,0.02416998
2009-11-03,GLD,0.024146,0.02962166
2009-11-04,GLD,0.006012,0.0224629
2009-11-05,GLD,-0.00112,0.023195585
2009-11-06,GLD,0.004206,0.026108574
2009-11-09,GLD,0.007074,0.020087384
2009-11-10,GLD,0.001849,0.032582924
2009-11-11,GLD,0.011163,0.027212014
2009-11-12,GLD,-0.012682,0.019969746
2009-11-13,GLD,0.014139,0.027775755
2009-11-16,GLD,0.017223,0.01894474
2009-11-17,GLD,0.003046,0.024355248
2009-11-18,GLD,0.002501,0.019909313
2009-11-19,GLD,0.000445,0.042235322
2009-11-20,GLD,0.005699,0.041134242
2009-11-23,GLD,0.011953,0.012648537
2009-11-24,GLD,0.00385,0.027666098
2009-11-25,GLD,0.016473,0.057159156
2009-11-26,GLD,0.0,0.025455808
2009-11-27,GLD,-0.013377,0.042351995
2009-11-30,GLD,0.005041,0.04065174
2009-12-01,GLD,0.015047,0.036638997
2009-12-02,GLD,0.015335,0.028300755
2009-12-03,GLD,-0.004028,0.045795947
2009-12-04,GLD,-0.041676,0.034498364
2009-12-07,GLD,-0.005653,0.040849622
2009-12-08,GLD,-0.019096,0.024169138
2009-12-09,GLD,-0.000991,0.02385032
2009-12-10,GLD,-0.00018,0.014931948
2009-12-11,GLD,-0.013535,0.014095236
2009-12-14,GLD,0.008416,0.021844456
2009-12-15,GLD,-0.000272,-0.020314885
2009-12-16,GLD,0.012522,0.02072497
2009-12-17,GLD,-0.038086,0.022815827
2009-12-18,GLD,0.014999,0.031580105
2009-12-21,GLD,-0.018357,0.02195319
2009-12-22,GLD,-0.007293,0.017889854
2009-12-23,GLD,0.003579,0.006032244
2009-12-24,GLD,0.016987,0.008871736
2009-12-25,GLD,0.0,0.012625903
2009-12-28,GLD,0.001753,-0.006834172
2009-12-29,GLD,-0.009949,0.016139952
2009-12-30,GLD,-0.005025,0.020507425
2009-12-31,GLD,0.003554,0.007760039
2009-01-01,XLF,0.0,-0.032060117
2009-01-02,XLF,0.011182,-0.033287767
2009-01-05,XLF,-0.016588,-0.032691427
2009-01-06,XLF,0.016064,-0.011087846
2009-01-07,XLF,-0.052174,-0.03283665
2009-01-08,XLF,-0.00417,0.0120143695
2009-01-09,XLF,-0.031826,-0.04003865
2009-01-12,XLF,-0.052768,-0.014395781
2009-01-13,XLF,0.013699,0.03246099
2009-01-14,XLF,-0.057658,0.020232834
2009-01-15,XLF,-0.045889,0.019164821
2009-01-16,XLF,-0.03006,-0.03702431
2009-01-19,XLF,0.0,-0.031187829
2009-01-20,XLF,-0.165289,-0.020699956
2009-01-21,XLF,0.147277,-0.0078064054
2009-01-22,XLF,-0.061489,-0.034609552
2009-01-23,XLF,0.033333,-0.0072775893
2009-01-26,XLF,-0.017798,-0.03909734
2009-01-27,XLF,0.035108,-0.028365403
2009-01-28,XLF,0.128009,-0.028205771
2009-01-29,XLF,-0.078565,-0.036231276
2009-01-30,XLF,-0.027368,-0.022988746
2009-02-02,XLF,0.0,-0.009996995
2009-02-03,XLF,-0.018398,-0.041031376
2009-02-04,XLF,-0.011025,-0.02467769
2009-02-05,XLF,0.015608,-0.027155025
2009-02-06,XLF,0.074643,-0.02110628
2009-02-09,XLF,0.011236,-0.0063896757
2009-02-10,XLF,-0.10202,-0.0296243
2009-02-11,XLF,0.048144,-0.03809002
2009-02-12,XLF,-0.012664,-0.035664078
2009-02-13,XLF,-0.038043,0.017307574
2009-02-16,XLF,0.0,-0.021707498
2009-02-17,XLF,-0.099435,-0.024294754
2009-02-18,XLF,0.0,-0.031681664
2009-02-19,XLF,-0.052698,-0.031512573
2009-02-20,XLF,-0.01457,0.0075693675
2009-02-23,XLF,-0.034946,-0.0064922757
2009-02-24,XLF,0.12117,-0.011656358
2009-02-25,XLF,-0.006211,-0.012678532
2009-02-26,XLF,0.01625,-0.026574323
2009-02-27,XLF,-0.065191,-0.022620847
2009-03-02,XLF,-0.063158,-0.029543314
2009-03-03,XLF,-0.019663,-0.009955417
2009-03-04,XLF,-0.012894,0.014445062
2009-03-05,XLF,-0.09434,-0.03261967
2009-03-06,XLF,-0.009615,-0.011755502
2009-03-09,XLF,0.012945,0.007362409
2009-03-10,XLF,0.148562,-0.024400903
2009-03-11,XLF,0.026426,-0.009319287
2009-03-12,XLF,0.102981,-0.032990117
2009-03-13,XLF,0.006142,-0.005749003
2009-03-16,XLF,-0.019536,-0.01809432
2009-03-17,XLF,0.064882,-0.005127363
2009-03-18,XLF,0.100222,-0.018927518
2009-03-19,XLF,-0.079294,0.016986959
2009-03-20,XLF,-0.050309,-0.010902787
2009-03-23,XLF,0.164005,0.015140412
2009-03-24,XLF,-0.048021,0.0122044245
2009-03-25,XLF,0.033259,0.014618677
2009-03-26,XLF,0.011803,0.007418602
2009-03-27,XLF,-0.030753,-0.0086956555
2009-03-30,XLF,-0.086433,-0.006708631
2009-03-31,XLF,0.05509,0.019063532
2009-04-01,XLF,0.028377,0.017809061
2009-04-02,XLF,0.027594,-0.0016187724
2009-04-03,XLF,0.040816,-0.031742446
2009-04-06,XLF,-0.026832,0.01606286
2009-04-07,XLF,-0.029693,-0.03146926
2009-04-08,XLF,0.005465,-0.0119910175
2009-04-09,XLF,0.155435,-0.027754242
2009-04-10,XLF,0.0,-0.024620982
2009-04-13,XLF,0.042333,0.003403452
2009-04-14,XLF,-0.065884,-0.008671213
2009-04-15,XLF,0.048309,-0.017952774
2009-04-16,XLF,0.01106,-0.026721286
2009-04-17,XLF,0.012762,0.020570593
2009-04-20,XLF,-0.111611,-0.028172968
2009-04-21,XLF,0.073962,0.015961537
2009-04-22,XLF,-0.035849,-0.02527091
2009-04-23,XLF,0.046967,-0.005505567
2009-04-24,XLF,0.02243,0.020246943
2009-04-27,XLF,-0.016179,-0.029801467
2009-04-28,XLF,-0.030939,0.013338482
2009-04-29,XLF,0.043145,0.0101745585
2009-04-30,XLF,-0.013787,0.010219096
2009-05-01,XLF,-0.007456,-0.027369356
2009-05-04,XLF,0.101408,-0.021520361
2009-05-05,XLF,-0.014493,0.012401577
2009-05-06,XLF,0.079585,-0.013877905
2009-05-07,XLF,-0.028846,0.014108174
2009-05-08,XLF,0.074257,-0.01956383
2009-05-11,XLF,-0.058372,-0.00814086
2009-05-12,XLF,-0.021207,-0.01896827
2009-05-13,XLF,-0.050833,-0.015541302
2009-05-14,XLF,0.033363,0.014837015
2009-05-15,XLF,-0.020391,-0.014603884
2009-05-18,XLF,0.065915,0.019608181
2009-05-19,XLF,-0.020342,-0.019499512
2009-05-20,XLF,-0.026578,0.021114746
2009-05-21,XLF,0.001706,-0.01828734
2009-05-22,XLF,-0.006814,0.018120414
2009-05-25,XLF,0.0,-0.0033477112
2009-05-26,XLF,0.03259,-0.018324336
2009-05-27,XLF,-0.0299,0.01653654
2009-05-28,XLF,0.028253,-0.024511194
2009-05-29,XLF,0.018318,0.011181922
2009-06-01,XLF,0.01063,0.0128610935
2009-06-02,XLF,-0.016181,0.012529518
2009-06-03,XLF,-0.013158,0.018081753
2009-06-04,XLF,0.035833,-0.027410435
2009-06-05,XLF,-0.00885,-0.026076458
2009-06-08,XLF,0.007305,0.017370211
2009-06-09,XLF,0.007252,-0.025280815
2009-06-10,XLF,-0.0152,0.01249099
2009-06-11,XLF,0.008123,0.0138701275
2009-06-12,XLF,0.006446,-0.015858239
2009-06-15,XLF,-0.02562,0.025356943
2009-06-16,XLF,-0.017256,-0.017728454
2009-06-17,XLF,-0.029264,0.015622829
2009-06-18,XLF,0.024117,0.022792792
2009-06-19,XLF,0.017714,-0.0073009254
2009-06-22,XLF,-0.05814,-0.021996414
2009-06-23,XLF,0.011464,0.02505409
2009-06-24,XLF,0.012206,0.023553235
2009-06-25,XLF,0.021533,-0.017660905
2009-06-26,XLF,0.005059,0.01610388
2009-06-29,XLF,0.012584,0.010874659
2009-06-30,XLF,-0.009942,0.0035587102
2009-07-01,XLF,-0.005858,0.024011428
2009-07-02,XLF,-0.034512,-0.027451089
2009-07-03,XLF,0.0,-0.018706497
2009-07-06,XLF,0.000872,0.012633299
2009-07-07,XLF,-0.015679,-0.022826856
2009-07-08,XLF,-0.016814,-0.022954427
2009-07-09,XLF,0.012601,0.024928086
2009-07-10,XLF,-0.013333,0.0076998165
2009-07-13,XLF,0.063964,-0.02474846
2009-07-14,XLF,-0.004234,0.012770061
2009-07-15,XLF,0.042517,0.016022356
2009-07-16,XLF,-0.003263,-0.01382321
2009-07-17,XLF,-0.006547,-0.009491904
2009-07-20,XLF,0.008237,-0.012780254
2009-07-21,XLF,-0.008987,0.021002369
2009-07-22,XLF,0.000824,-0.022584306
2009-07-23,XLF,0.02883,0.02180058
2009-07-24,XLF,-0.005604,0.015530068
2009-07-27,XLF,0.016103,0.021394849
2009-07-28,XLF,-0.002377,0.01202027
2009-07-29,XLF,0.0,-0.02824954
2009-07-30,XLF,0.023034,-0.01329801
2009-07-31,XLF,0.010093,0.026258675
2009-08-03,XLF,0.025365,-0.020316577
2009-08-04,XLF,0.02024,-0.029378261
2009-08-05,XLF,0.034533,-0.026550049
2009-08-06,XLF,-0.007102,0.0009873068
2009-08-07,XLF,0.026466,0.03010734
2009-08-10,XLF,-0.004181,0.015727691
2009-08-11,XLF,-0.037089,0.028240163
2009-08-12,XLF,0.020349,0.023442255
2009-08-13,XLF,0.020655,-0.019476479
2009-08-14,XLF,-0.006281,-0.010390655
2009-08-17,XLF,-0.042135,0.02773105
2009-08-18,XLF,0.020528,0.007967702
2009-08-19,XLF,-0.000718,-0.016537514
2009-08-20,XLF,0.025881,0.016011756
2009-08-21,XLF,0.019622,-0.01171142
2009-08-24,XLF,-0.007698,0.024849318
2009-08-25,XLF,0.012606,-0.024490964
2009-08-26,XLF,-0.002736,0.024347771
2009-08-27,XLF,0.010288,-0.02292199
2009-08-28,XLF,0.001358,-0.015572256
2009-08-31,XLF,-0.00339,-0.02380017
2009-09-01,XLF,-0.053741,-0.021450553
2009-09-02,XLF,-0.008627,-0.018730875
2009-09-03,XLF,0.019579,-0.014849767
2009-09-04,XLF,0.01138,0.030761624
2009-09-07,XLF,0.0,0.026464097
2009-09-08,XLF,0.004297,-0.015835317
2009-09-09,XLF,0.015328,-0.018263252
2009-09-10,XLF,0.008276,-0.01650468
2009-09-11,XLF,-0.006156,0.02896688
2009-09-14,XLF,0.013076,0.019747615
2009-09-15,XLF,0.002038,0.028046316
2009-09-16,XLF,0.034576,0.028852396
2009-09-17,XLF,-0.003277,0.020185903
2009-09-18,XLF,-0.001512,0.030392816
2009-09-21,XLF,-0.009247,0.023116274
2009-09-22,XLF,0.022667,-0.028512415
2009-09-23,XLF,-0.020209,0.018975208
2009-09-24,XLF,-0.01996,0.026611026
2009-09-25,XLF,-0.009504,-0.0025544246
2009-09-28,XLF,0.033585,0.017355299
2009-09-29,XLF,-0.004642,-0.0064520086
2009-09-30,XLF,-0.004664,0.02395353
2009-10-01,XLF,-0.044177,-0.023752281
2009-10-02,XLF,0.0007,-0.032371666
2009-10-05,XLF,0.031491,-0.017035898
2009-10-06,XLF,0.01289,-0.025399348
2009-10-07,XLF,0.010717,0.025629554
2009-10-08,XLF,0.001325,0.023783956
2009-10-09,XLF,0.008604,-0.024807306
2009-10-12,XLF,0.007874,-0.012032457
2009-10-13,XLF,-0.009766,0.0167392
2009-10-14,XLF,0.034188,-0.01998596
2009-10-15,XLF,-0.0089,-0.029930044
2009-10-16,XLF,-0.023733,0.02865656
2009-10-19,XLF,0.004599,-0.028398087
2009-10-20,XLF,-0.007848,0.025368182
2009-10-21,XLF,-0.019117,0.025349738
2009-10-22,XLF,0.02957,0.018474266
2009-10-23,XLF,-0.01436,-0.029810695
2009-10-26,XLF,-0.025828,0.022375435
2009-10-27,XLF,-0.007478,0.026574155
2009-10-28,XLF,-0.030959,-0.029552875
2009-10-29,XLF,0.041843,-0.017092146
2009-10-30,XLF,-0.046811,0.02340022
2009-11-02,XLF,0.008541,0.019621179
2009-11-03,XLF,0.002682,0.011754514
2009-11-04,XLF,-0.013936,-0.026293505
2009-11-05,XLF,0.025696,-0.015420792
2009-11-06,XLF,-0.004175,0.030422917
2009-11-09,XLF,0.035639,-0.02875196
2009-11-10,XLF,-0.003374,0.019628208
2009-11-11,XLF,0.013541,0.02648175
2009-11-12,XLF,-0.018704,-0.03192731
2009-11-13,XLF,-0.002042,-0.022719368
2009-11-16,XLF,0.010914,-0.02672834
2009-11-17,XLF,0.002699,-0.023553008
2009-11-18,XLF,0.008075,0.042402413
2009-11-19,XLF,-0.019359,-0.035022713
2009-11-20,XLF,-0.006127,-0.034524996
2009-11-23,XLF,0.014384,0.038221754
2009-11-24,XLF,-0.007427,0.03413712
2009-11-25,XLF,-0.002041,-0.030706573
2009-11-26,XLF,0.0,0.047503363
2009-11-27,XLF,-0.026585,0.023186756
2009-11-30,XLF,0.026611,0.031550635
2009-12-01,XLF,0.000682,-0.027400436
2009-12-02,XLF,-0.000682,-0.04104692
2009-12-03,XLF,-0.020464,-0.033156976
2009-12-04,XLF,0.018802,-0.021093624
2009-12-07,XLF,-0.016405,-0.022499297
2009-12-08,XLF,-0.009034,0.03838378
2009-12-09,XLF,0.003506,-0.031338025
2009-12-10,XLF,-0.001398,0.04150699
2009-12-11,XLF,0.006998,-0.043894887
2009-12-14,XLF,0.005559,-0.02974114
2009-12-15,XLF,-0.015895,-0.030463776
2009-12-16,XLF,0.00632,-0.025540967
2009-12-17,XLF,-0.018842,0.026774049
2009-12-18,XLF,0.015102,0.042359382
2009-12-21,XLF,0.014768,-0.03973541
2009-12-22,XLF,0.002079,-0.028272666
2009-12-23,XLF,-0.004149,-0.043772727
2009-12-24,XLF,0.009028,0.04673494
2009-12-25,XLF,0.0,0.044494748
2009-12-28,XLF,-0.003441,0.04256142
2009-12-29,XLF,-0.004144,-0.034197044
2009-12-30,XLF,0.000693,0.028003165
2009-12-31,XLF,-0.002079,0.03934192
2009-01-01,XLB,0.0,-0.038170267
2009-01-02,XLB,0.0365,-0.044907946
2009-01-05,XLB,0.002121,-0.050539263
2009-01-06,XLB,0.022439,-0.07063813
2009-01-07,XLB,-0.023188,0.018401274
2009-01-08,XLB,0.013989,-0.026465796
2009-01-09,XLB,-0.024247,-0.037423566
2009-01-12,XLB,-0.04156,0.009125077
2009-01-13,XLB,0.005364,0.008657792
2009-01-14,XLB,-0.03735,0.030649971
2009-01-15,XLB,0.029561,0.020313587
2009-01-16,XLB,0.011216,-0.047052775
2009-01-19,XLB,0.0,-0.053769447
2009-01-20,XLB,-0.056344,0.037261482
2009-01-21,XLB,0.035261,-0.049468562
2009-01-22,XLB,-0.015441,-0.038833577
2009-01-23,XLB,0.015221,-0.048405137
2009-01-26,XLB,-0.011813,-0.032130208
2009-01-27,XLB,0.007356,-0.038463853
2009-01-28,XLB,0.028298,0.020478392
2009-01-29,XLB,-0.027075,-0.04215007
2009-01-30,XLB,-0.039234,-0.030866344
2009-02-02,XLB,-0.014245,-0.035625864
2009-02-03,XLB,0.019268,-0.04262934
2009-02-04,XLB,0.012287,-0.04590764
2009-02-05,XLB,0.026611,-0.052820947
2009-02-06,XLB,0.030014,0.034185845
2009-02-09,XLB,-0.003532,-0.054563157
2009-02-10,XLB,-0.04475,-0.06088123
2009-02-11,XLB,0.0,-0.046803053
2009-02-12,XLB,0.016698,-0.066366576
2009-02-13,XLB,-0.015055,-0.03796461
2009-02-16,XLB,0.0,-0.053744495
2009-02-17,XLB,-0.043539,-0.05162041
2009-02-18,XLB,-0.005811,-0.040489044
2009-02-19,XLB,-0.010229,-0.03132441
2009-02-20,XLB,0.007874,-0.044287425
2009-02-23,XLB,-0.060547,-0.047329377
2009-02-24,XLB,0.031705,-0.04892357
2009-02-25,XLB,-0.015113,-0.04405658
2009-02-26,XLB,0.001023,-0.021764738
2009-02-27,XLB,-0.01022,0.008050328
2009-03-02,XLB,-0.066598,-0.05493456
2009-03-03,XLB,0.003872,-0.034833807
2009-03-04,XLB,0.034711,0.015324989
2009-03-05,XLB,-0.032481,-0.037941415
2009-03-06,XLB,0.012658,-0.03031071
2009-03-09,XLB,-0.011956,-0.01572792
2009-03-10,XLB,0.055556,-0.019420698
2009-03-11,XLB,0.030224,0.014290892
2009-03-12,XLB,0.024785,-0.020115528
2009-03-13,XLB,0.004442,-0.037938602
2009-03-16,XLB,0.015725,-0.04361767
2009-03-17,XLB,0.008611,-0.03231802
2009-03-18,XLB,0.029355,-0.028015034
2009-03-19,XLB,0.00932,0.025568258
2009-03-20,XLB,-0.017521,-0.029807864
2009-03-23,XLB,0.059102,-0.013490141
2009-03-24,XLB,-0.004018,-0.023126446
2009-03-25,XLB,0.008965,-0.027402734
2009-03-26,XLB,0.039982,-0.035705414
2009-03-27,XLB,-0.021786,-0.025819313
2009-03-30,XLB,-0.034498,-0.040254835
2009-03-31,XLB,0.004523,-0.02718101
2009-04-01,XLB,0.020261,-0.047468126
2009-04-02,XLB,0.037511,-0.037629038
2009-04-03,XLB,0.01276,-0.035857532
2009-04-06,XLB,-0.01764,0.024251372
2009-04-07,XLB,-0.034203,-0.043725748
2009-04-08,XLB,0.01151,-0.029467039
2009-04-09,XLB,0.043326,-0.04335007
2009-04-10,XLB,0.0,0.02303388
2009-04-13,XLB,0.013003,-0.04084896
2009-04-14,XLB,-0.018633,-0.026343748
2009-04-15,XLB,0.023629,-0.013159201
2009-04-16,XLB,0.000412,-0.062005404
2009-04-17,XLB,0.007417,0.021532401
2009-04-20,XLB,-0.046217,0.023125248
2009-04-21,XLB,0.020154,-0.038175065
2009-04-22,XLB,0.004624,-0.058912627
2009-04-23,XLB,0.00251,-0.02639229
2009-04-24,XLB,0.047579,-0.016241264
2009-04-27,XLB,-0.021912,-0.05675292
2009-04-28,XLB,-0.005295,-0.031127112
2009-04-29,XLB,0.022522,-0.03422263
2009-04-30,XLB,0.028034,-0.024865666
2009-05-01,XLB,0.002337,-0.0343025
2009-05-04,XLB,0.056354,-0.04178647
2009-05-05,XLB,-0.005887,-0.03539544
2009-05-06,XLB,0.004071,-0.017533131
2009-05-07,XLB,-0.032805,-0.040911987
2009-05-08,XLB,0.021341,0.025253922
2009-05-11,XLB,-0.014552,-0.056433916
2009-05-12,XLB,0.009996,0.011796344
2009-05-13,XLB,-0.043263,-0.028177114
2009-05-14,XLB,0.008621,0.089623496
2009-05-15,XLB,0.003497,0.030275118
2009-05-18,XLB,0.028649,-0.052024204
2009-05-19,XLB,0.011667,-0.026197482
2009-05-20,XLB,0.004464,-0.017898388
2009-05-21,XLB,-0.022222,-0.055519875
2009-05-22,XLB,-0.003788,-0.013279157
2009-05-25,XLB,0.0,-0.052569587
2009-05-26,XLB,0.023954,-0.03801771
2009-05-27,XLB,-0.037505,-0.03466655
2009-05-28,XLB,0.017747,0.012368194
2009-05-29,XLB,0.029947,-0.035844326
2009-06-01,XLB,0.030548,-0.029338235
2009-06-02,XLB,0.01,-0.029885609
2009-06-03,XLB,-0.0343,-0.043073095
2009-06-04,XLB,0.023069,-0.06714414
2009-06-05,XLB,-0.014316,-0.06369808
2009-06-08,XLB,-0.005084,-0.04157029
2009-06-09,XLB,0.017883,0.0176958
2009-06-10,XLB,0.001076,-0.03562362
2009-06-11,XLB,0.013968,0.0008579969
2009-06-12,XLB,-0.010244,-0.033421054
2009-06-15,XLB,-0.033547,0.018958258
2009-06-16,XLB,-0.026957,0.030382365
2009-06-17,XLB,-0.011385,0.0053723967
2009-06-18,XLB,0.008445,-0.014464719
2009-06-19,XLB,-0.002321,0.034077972
2009-06-22,XLB,-0.050633,0.0237369
2009-06-23,XLB,0.012929,-0.034341663
2009-06-24,XLB,0.009972,0.025491828
2009-06-25,XLB,0.021327,0.027712474
2009-06-26,XLB,-0.001547,-0.03359713
2009-06-29,XLB,0.008908,-0.033063307
2009-06-30,XLB,-0.009597,0.017828839
2009-07-01,XLB,0.002326,0.027552482
2009-07-02,XLB,-0.027456,-0.024428645
2009-07-03,XLB,0.0,-0.05658686
2009-07-06,XLB,-0.007952,-0.037278287
2009-07-07,XLB,-0.028457,-0.025419842
2009-07-08,XLB,0.000825,-0.01681675
2009-07-09,XLB,0.007832,-0.010441979
2009-07-10,XLB,-0.005726,-0.05081681
2009-07-13,XLB,0.03044,-0.060956046
2009-07-14,XLB,0.007585,0.0073536704
2009-07-15,XLB,0.039223,-0.03693359
2009-07-16,XLB,0.009531,0.035450563
2009-07-17,XLB,0.004909,-0.053496365
2009-07-20,XLB,0.021421,-0.04736693
2009-07-21,XLB,0.011773,-0.004497775
2009-07-22,XLB,0.002909,0.03252669
2009-07-23,XLB,0.034083,0.011102461
2009-07-24,XLB,0.008065,-0.028932398
2009-07-27,XLB,0.002087,0.015628498
2009-07-28,XLB,-0.00833,-0.04167562
2009-07-29,XLB,-0.021001,-0.051700804
2009-07-30,XLB,0.03039,0.031926807
2009-07-31,XLB,0.010409,-0.031786505
2009-08-03,XLB,0.035371,-0.010088465
2009-08-04,XLB,-0.003648,-0.027599553
2009-08-05,XLB,0.007989,-0.049991712
2009-08-06,XLB,-0.008256,0.042900447
2009-08-07,XLB,0.005994,-0.010906139
2009-08-10,XLB,-0.013241,-0.019908136
2009-08-11,XLB,-0.002348,0.03253102
2009-08-12,XLB,0.009079,-0.009498993
2009-08-13,XLB,0.018327,-0.02201533
2009-08-14,XLB,-0.025196,0.04331657
2009-08-17,XLB,-0.037932,0.036405005
2009-08-18,XLB,0.015003,0.027836427
2009-08-19,XLB,0.013063,-0.038519252
2009-08-20,XLB,0.002036,0.062581114
2009-08-21,XLB,0.026414,0.0453614
2009-08-24,XLB,-0.007918,-0.012399741
2009-08-25,XLB,-0.004988,-0.020754497
2009-08-26,XLB,-0.003676,0.008052776
2009-08-27,XLB,0.007045,0.027125698
2009-08-28,XLB,0.006329,0.058028888
2009-08-31,XLB,-0.013241,-0.04620358
2009-09-01,XLB,-0.02952,-0.032397054
2009-09-02,XLB,0.009333,-0.027525995
2009-09-03,XLB,0.014384,0.03483208
2009-09-04,XLB,0.013842,0.014394954
2009-09-07,XLB,0.0,0.019873105
2009-09-08,XLB,0.013653,0.024136124
2009-09-09,XLB,0.004599,0.030536683
2009-09-10,XLB,0.005559,-0.036817566
2009-09-11,XLB,0.001301,0.033281207
2009-09-14,XLB,0.012666,-0.03888621
2009-09-15,XLB,0.02213,-0.015901571
2009-09-16,XLB,0.013806,0.025979217
2009-09-17,XLB,-0.004643,-0.009498382
2009-09-18,XLB,-0.000538,0.03074762
2009-09-21,XLB,-0.009997,0.028443964
2009-09-22,XLB,0.011045,0.018703101
2009-09-23,XLB,-0.015918,-0.015223518
2009-09-24,XLB,-0.021884,0.028509926
2009-09-25,XLB,-0.009728,0.052138805
2009-09-28,XLB,0.018991,0.056216702
2009-09-29,XLB,0.000964,-0.014884043
2009-09-30,XLB,-0.006742,0.028243767
2009-10-01,XLB,-0.039108,0.010442219
2009-10-02,XLB,-0.004036,-0.035201743
2009-10-05,XLB,0.016886,0.036277346
2009-10-06,XLB,0.020923,0.016303584
2009-10-07,XLB,0.000325,-0.025908725
2009-10-08,XLB,0.023415,-0.013472877
2009-10-09,XLB,0.000953,-0.026637983
2009-10-12,XLB,0.00254,0.039759766
2009-10-13,XLB,0.005383,-0.022861408
2009-10-14,XLB,0.021417,-0.024091098
2009-10-15,XLB,0.00185,-0.028415402
2009-10-16,XLB,-0.01385,0.020249223
2009-10-19,XLB,0.015293,-0.03869269
2009-10-20,XLB,-0.010452,0.012962428
2009-10-21,XLB,-0.011805,0.0074532684
2009-10-22,XLB,0.011946,0.04025988
2009-10-23,XLB,-0.019882,0.009800472
2009-10-26,XLB,-0.025674,-0.023298396
2009-10-27,XLB,-0.008133,-0.011441137
2009-10-28,XLB,-0.03083,-0.04266422
2009-10-29,XLB,0.02978,0.025391882
2009-10-30,XLB,-0.03582,0.012784593
2009-11-02,XLB,0.008862,-0.021370273
2009-11-03,XLB,0.010135,-0.013459339
2009-11-04,XLB,0.0,-0.028810157
2009-11-05,XLB,0.017726,0.024541555
2009-11-06,XLB,0.008544,-0.023667395
2009-11-09,XLB,0.032584,-0.010492492
2009-11-10,XLB,0.001262,-0.019632205
2009-11-11,XLB,0.00977,-0.023079628
2009-11-12,XLB,-0.004682,-0.019810911
2009-11-13,XLB,0.003763,-0.014060842
2009-11-16,XLB,0.020619,-0.020702025
2009-11-17,XLB,0.011631,-0.031528544
2009-11-18,XLB,0.0,0.020809205
2009-11-19,XLB,-0.015129,-0.031872235
2009-11-20,XLB,-0.003379,-0.01844515
2009-11-23,XLB,0.010173,0.015711987
2009-11-24,XLB,-0.001221,-0.0017121687
2009-11-25,XLB,0.016193,-0.030723637
2009-11-26,XLB,0.0,0.015815882
2009-11-27,XLB,-0.02736,0.03331362
2009-11-30,XLB,0.004637,-0.009058275
2009-12-01,XLB,0.019385,-0.032230735
2009-12-02,XLB,0.009659,-0.018883208
2009-12-03,XLB,-0.016144,0.008917475
2009-12-04,XLB,-0.010939,0.005408627
2009-12-07,XLB,0.001229,0.0051809372
2009-12-08,XLB,-0.015956,0.009073976
2009-12-09,XLB,0.012473,-0.019133499
2009-12-10,XLB,-0.003696,0.015263512
2009-12-11,XLB,0.002782,-0.013422215
2009-12-14,XLB,0.014488,-0.016459724
2009-12-15,XLB,-0.009723,0.016555417
2009-12-16,XLB,0.010126,-0.014801239
2009-12-17,XLB,-0.022175,0.029683715
2009-12-18,XLB,-0.000714,0.024213083
2009-12-21,XLB,0.014692,-0.01654033
2009-12-22,XLB,0.005853,-0.007167615
2009-12-23,XLB,0.015314,-0.01518094
2009-12-24,XLB,0.007843,0.022627575
2009-12-25,XLB,0.0,0.018873012
2009-12-28,XLB,0.000898,0.018163126
2009-12-29,XLB,0.001495,0.0024735213
2009-12-30,XLB,-0.001194,0.025745187
2009-12-31,XLB,-0.013752,0.017782157
2009-01-01,XLK,0.0,-0.08238865
2009-01-02,XLK,0.037638,-0.082697086
2009-01-05,XLK,-0.003127,-0.098749295
2009-01-06,XLK,0.023212,-0.024596887
2009-01-07,XLK,-0.031882,-0.086269
2009-01-08,XLK,0.006966,0.043356754
2009-01-09,XLK,-0.022013,-0.084152915
2009-01-12,XLK,-0.018006,0.07353316
2009-01-13,XLK,-0.004584,0.08226862
2009-01-14,XLK,-0.030263,0.08770641
2009-01-15,XLK,0.006784,-0.025556222
2009-01-16,XLK,0.006739,-0.0757972
2009-01-19,XLK,0.0,-0.068668075
2009-01-20,XLK,-0.04083,0.002335105
2009-01-21,XLK,0.048151,0.050184533
2009-01-22,XLK,-0.022636,-0.08453798
2009-01-23,XLK,0.014305,0.06215501
2009-01-26,XLK,0.012089,-0.070321515
2009-01-27,XLK,0.005972,0.047535565
2009-01-28,XLK,0.028364,0.00025431236
2009-01-29,XLK,-0.029506,-0.06075687
2009-01-30,XLK,-0.029742,-0.051653426
2009-02-02,XLK,0.015668,0.06424901
2009-02-03,XLK,0.020121,0.009374683
2009-02-04,XLK,-0.000657,-0.04784393
2009-02-05,XLK,0.015789,0.042958025
2009-02-06,XLK,0.034326,-0.07942877
2009-02-09,XLK,0.002505,0.06974596
2009-02-10,XLK,-0.0406,-0.020764206
2009-02-11,XLK,0.001953,-0.049988493
2009-02-12,XLK,0.004548,0.02142479
2009-02-13,XLK,-0.004528,0.09925354
2009-02-16,XLK,0.0,0.04544901
2009-02-17,XLK,-0.041585,0.02313926
2009-02-18,XLK,0.000678,-0.0499825
2009-02-19,XLK,-0.02439,-0.061741333
2009-02-20,XLK,0.009722,0.1015868
2009-02-23,XLK,-0.04608,-0.009459292
2009-02-24,XLK,0.026676,0.07227927
2009-02-25,XLK,0.009129,0.07189631
2009-02-26,XLK,-0.010438,-0.05762607
2009-02-27,XLK,-0.007032,-0.058618348
2009-03-02,XLK,-0.024079,0.04570926
2009-03-03,XLK,-0.009434,0.0743228
2009-03-04,XLK,0.026374,0.07380506
2009-03-05,XLK,-0.030692,0.014693943
2009-03-06,XLK,0.005155,0.06256258
2009-03-09,XLK,-0.031502,0.07120986
2009-03-10,XLK,0.057489,-0.03251278
2009-03-11,XLK,0.022175,-0.022321092
2009-03-12,XLK,0.028691,-0.05473642
2009-03-13,XLK,0.0,0.07339532
2009-03-16,XLK,-0.008844,0.044758298
2009-03-17,XLK,0.036376,0.059049785
2009-03-18,XLK,0.013907,-0.03967035
2009-03-19,XLK,0.002613,0.083023526
2009-03-20,XLK,-0.015168,0.024023728
2009-03-23,XLK,0.059176,0.08248701
2009-03-24,XLK,-0.016321,0.084879756
2009-03-25,XLK,0.005743,0.08930414
2009-03-26,XLK,0.026015,0.080931544
2009-03-27,XLK,-0.021645,0.0257741
2009-03-30,XLK,-0.030973,0.06707965
2009-03-31,XLK,0.018917,0.08779456
2009-04-01,XLK,0.028169,0.10492909
2009-04-02,XLK,0.026152,0.08529474
2009-04-03,XLK,0.013956,-0.06345185
2009-04-06,XLK,-0.010173,0.07181925
2009-04-07,XLK,-0.027811,-0.054237742
2009-04-08,XLK,0.014925,0.027247367
2009-04-09,XLK,0.025123,0.020667886
2009-04-10,XLK,0.0,-0.08505211
2009-04-13,XLK,0.0,0.07045998
2009-04-14,XLK,-0.010759,-0.0114331
2009-04-15,XLK,-0.003021,-0.07079628
2009-04-16,XLK,0.029697,0.020282362
2009-04-17,XLK,-0.001766,-0.009844621
2009-04-20,XLK,-0.03184,-0.076072715
2009-04-21,XLK,0.017052,0.09043696
2009-04-22,XLK,0.00479,0.026116448
2009-04-23,XLK,0.004768,0.034489788
2009-04-24,XLK,0.014235,0.084090985
2009-04-27,XLK,-0.004678,0.0062281257
2009-04-28,XLK,-0.000588,0.07677667
2009-04-29,XLK,0.01117,0.08167861
2009-04-30,XLK,0.002907,0.08912383
2009-05-01,XLK,0.013333,-0.06268376
2009-05-04,XLK,0.018307,-0.055880558
2009-05-05,XLK,-0.00618,0.08650991
2009-05-06,XLK,0.005653,0.007875146
2009-05-07,XLK,-0.038224,0.08195967
2009-05-08,XLK,-0.001169,-0.09370258
2009-05-11,XLK,0.002926,-0.018769829
2009-05-12,XLK,-0.005251,-0.08333461
2009-05-13,XLK,-0.02522,-0.058963154
2009-05-14,XLK,0.01083,-0.03276713
2009-05-15,XLK,0.0,-0.08532717
2009-05-18,XLK,0.027381,0.080571555
2009-05-19,XLK,0.005794,-0.084439345
2009-05-20,XLK,-0.010369,0.072364055
2009-05-21,XLK,-0.017462,0.017692283
2009-05-22,XLK,0.003555,0.06697311
2009-05-25,XLK,0.0,-0.0006332597
2009-05-26,XLK,0.025974,-0.07230361
2009-05-27,XLK,-0.009781,0.0679734
2009-05-28,XLK,0.014526,-0.08670378
2009-05-29,XLK,0.010882,0.06667223
2009-06-01,XLK,0.028329,-0.014508889
2009-06-02,XLK,-0.002204,0.082674086
2009-06-03,XLK,-0.011044,0.0894055
2009-06-04,XLK,0.013959,-0.066565044
2009-06-05,XLK,0.009912,0.0038141035
2009-06-08,XLK,-0.005998,0.078753375
2009-06-09,XLK,0.004388,-0.08601806
2009-06-10,XLK,0.002731,0.08208565
2009-06-11,XLK,0.003813,-0.00011460841
2009-06-12,XLK,-0.002713,0.0148921255
2009-06-15,XLK,-0.010337,0.085202664
2009-06-16,XLK,-0.012644,-0.075766265
2009-06-17,XLK,0.005568,0.08008049
2009-06-18,XLK,-0.00443,0.073911384
2009-06-19,XLK,0.012271,-0.032280274
2009-06-22,XLK,-0.024834,-0.08689784
2009-06-23,XLK,0.000566,0.09579112
2009-06-24,XLK,0.01414,0.08157912
2009-06-25,XLK,0.014501,-0.07896215
2009-06-26,XLK,-0.001649,0.073684946
2009-06-29,XLK,0.010463,0.077414475
2009-06-30,XLK,-0.007629,0.036563087
2009-07-01,XLK,0.004393,0.0802098
2009-07-02,XLK,-0.02515,-0.07472063
2009-07-03,XLK,0.0,0.05716549
2009-07-06,XLK,-0.002804,0.0830726
2009-07-07,XLK,-0.024747,-0.079943396
2009-07-08,XLK,0.000577,-0.08665101
2009-07-09,XLK,0.00634,0.058829535
2009-07-10,XLK,0.004009,0.04394596
2009-07-13,XLK,0.018825,0.04757864
2009-07-14,XLK,0.00112,0.079140715
2009-07-15,XLK,0.037472,0.08646842
2009-07-16,XLK,0.014555,-0.08911298
2009-07-17,XLK,0.009564,0.04607425
2009-07-20,XLK,0.008947,0.029553287
2009-07-21,XLK,0.005738,0.09232912
2009-07-22,XLK,0.005705,-0.08349203
2009-07-23,XLK,0.019598,0.09180664
2009-07-24,XLK,-0.005969,0.09452837
2009-07-27,XLK,-0.000102,0.09084483
2009-07-28,XLK,0.002036,0.089234285
2009-07-29,XLK,-0.001016,-0.05912027
2009-07-30,XLK,0.005084,-0.066563874
2009-07-31,XLK,-0.003541,0.11224351
2009-08-03,XLK,0.013706,-0.07894342
2009-08-04,XLK,-0.003004,-0.07407295
2009-08-05,XLK,-0.009041,0.009178908
2009-08-06,XLK,-0.007096,-0.07356178
2009-08-07,XLK,0.010209,0.07976721
2009-08-10,XLK,-0.004548,0.08288063
2009-08-11,XLK,-0.014213,0.07603799
2009-08-12,XLK,0.020082,0.08452177
2009-08-13,XLK,0.004543,-0.061448857
2009-08-14,XLK,-0.009548,-0.07529878
2009-08-17,XLK,-0.023846,0.058691632
2009-08-18,XLK,0.015073,-0.025678903
2009-08-19,XLK,0.00256,0.043757282
2009-08-20,XLK,0.011236,-0.026029952
2009-08-21,XLK,0.014647,-0.10076897
2009-08-24,XLK,-0.002987,0.09648895
2009-08-25,XLK,0.002496,-0.07658115
2009-08-26,XLK,0.004482,0.10632827
2009-08-27,XLK,0.001983,-0.092919484
2009-08-28,XLK,0.003464,-0.10478821
2009-08-31,XLK,-0.012821,-0.06604255
2009-09-01,XLK,-0.02048,-0.04852034
2009-09-02,XLK,0.00204,-0.066541545
2009-09-03,XLK,0.00458,0.006616813
2009-09-04,XLK,0.017731,0.087740816
2009-09-07,XLK,0.0,0.08992097
2009-09-08,XLK,0.007466,-0.07631673
2009-09-09,XLK,0.007411,-0.09363733
2009-09-10,XLK,0.013732,0.032336842
2009-09-11,XLK,0.000968,-0.004707715
2009-09-14,XLK,-0.003383,0.13818194
2009-09-15,XLK,0.006789,0.07900152
2009-09-16,XLK,0.007707,0.07132583
2009-09-17,XLK,-0.003824,0.08205789
2009-09-18,XLK,0.00608,0.08288415
2009-09-21,XLK,-0.004308,0.08027484
2009-09-22,XLK,0.005288,-0.083955854
2009-09-23,XLK,0.0,0.09611409
2009-09-24,XLK,-0.009565,0.061260607
2009-09-25,XLK,-0.006277,-0.059536904
2009-09-28,XLK,0.016521,-0.023905002
2009-09-29,XLK,-0.005258,0.024250709
2009-09-30,XLK,0.002883,0.06792831
2009-10-01,XLK,-0.029708,-0.0836748
2009-10-02,XLK,0.0,0.04637096
2009-10-05,XLK,0.008395,-0.06509822
2009-10-06,XLK,0.01812,0.056693226
2009-10-07,XLK,-0.001924,0.08984671
2009-10-08,XLK,0.006265,0.064688705
2009-10-09,XLK,0.006705,-0.06258248
2009-10-12,XLK,0.000476,-0.030021861
2009-10-13,XLK,0.003804,0.077810034
2009-10-14,XLK,0.011843,0.048186254
2009-10-15,XLK,-0.001873,-0.0530795
2009-10-16,XLK,-0.009381,0.081010945
2009-10-19,XLK,0.01089,-0.055182476
2009-10-20,XLK,-0.003279,0.078227185
2009-10-21,XLK,0.00047,0.074953325
2009-10-22,XLK,0.004697,0.09071305
2009-10-23,XLK,-0.002805,-0.032273818
2009-10-26,XLK,-0.006563,0.07809669
2009-10-27,XLK,-0.005191,0.08517377
2009-10-28,XLK,-0.014706,-0.0045971856
2009-10-29,XLK,0.019259,-0.029717974
2009-10-30,XLK,-0.026453,0.09413028
2009-11-02,XLK,0.005822,0.07184438
2009-11-03,XLK,-0.003859,0.069080964
2009-11-04,XLK,0.005811,0.05237404
2009-11-05,XLK,0.021666,0.04204993
2009-11-06,XLK,0.001414,0.094850324
2009-11-09,XLK,0.023059,-0.015936334
2009-11-10,XLK,-0.00046,0.085772
2009-11-11,XLK,0.005983,0.08842765
2009-11-12,XLK,-0.007319,0.0063487217
2009-11-13,XLK,0.009217,-0.015524885
2009-11-16,XLK,0.010959,-0.011200409
2009-11-17,XLK,0.004517,0.023277462
2009-11-18,XLK,-0.005396,0.092802435
2009-11-19,XLK,-0.014467,0.023403352
2009-11-20,XLK,-0.005046,0.03251155
2009-11-23,XLK,0.01752,0.08595671
2009-11-24,XLK,-0.001812,0.0766195
2009-11-25,XLK,0.001816,0.037777256
2009-11-26,XLK,0.0,0.104405195
2009-11-27,XLK,-0.016312,0.09285769
2009-11-30,XLK,0.001843,0.08208152
2009-12-01,XLK,0.016092,0.029525982
2009-12-02,XLK,-0.001357,-0.06429401
2009-12-03,XLK,0.000453,0.015791072
2009-12-04,XLK,0.006341,0.013795709
2009-12-07,XLK,-0.001755,0.036159318
2009-12-08,XLK,-0.009062,0.07317218
2009-12-09,XLK,0.009554,-0.03913564
2009-12-10,XLK,0.004507,0.086102515
2009-12-11,XLK,-0.002243,-0.053515587
2009-12-14,XLK,0.008094,-0.04637508
2009-12-15,XLK,-0.006244,0.020572836
2009-12-16,XLK,0.003142,-0.011352151
2009-12-17,XLK,-0.012081,0.055335857
2009-12-18,XLK,0.014921,0.073789336
2009-12-21,XLK,0.008957,-0.056924723
2009-12-22,XLK,0.007989,-0.050092768
2009-12-23,XLK,0.003963,-0.041693013
2009-12-24,XLK,0.009211,0.08427537
2009-12-25,XLK,0.0,0.09257174
2009-12-28,XLK,0.003042,0.102455
2009-12-29,XLK,-0.0013,-0.041050185
2009-12-30,XLK,0.003471,0.0721477
2009-12-31,XLK,-0.008647,0.08006695
2009-01-01,XLV,0.0,-0.056461025
2009-01-02,XLV,0.020339,-0.059775125
2009-01-05,XLV,-0.004799,-0.052779496
2009-01-06,XLV,-0.01632,0.055946574
2009-01-07,XLV,-0.00905,-0.05645378
2009-01-08,XLV,0.005708,-0.007080028
2009-01-09,XLV,-0.010594,-0.07026174
2009-01-12,XLV,-0.013002,-0.02738695
2009-01-13,XLV,0.008524,0.07900199
2009-01-14,XLV,-0.014214,0.06281442
2009-01-15,XLV,0.007015,0.06346333
2009-01-16,XLV,0.008514,-0.054810766
2009-01-19,XLV,0.0,0.020868437
2009-01-20,XLV,-0.024175,-0.049974516
2009-01-21,XLV,0.021235,0.043233093
2009-01-22,XLV,0.004236,-0.054102976
2009-01-23,XLV,0.0,0.06137967
2009-01-26,XLV,-0.005368,-0.05031996
2009-01-27,XLV,0.020817,0.045910396
2009-01-28,XLV,0.015483,-0.051175456
2009-01-29,XLV,-0.014132,-0.05127502
2009-01-30,XLV,-0.010562,0.026577732
2009-02-02,XLV,0.006481,0.07741993
2009-02-03,XLV,0.025758,-0.046910387
2009-02-04,XLV,-0.004431,-0.0379119
2009-02-05,XLV,0.008531,0.032752465
2009-02-06,XLV,0.008091,-0.05320773
2009-02-09,XLV,-0.002919,0.050352853
2009-02-10,XLV,-0.033297,0.02677209
2009-02-11,XLV,0.012491,-0.054312952
2009-02-12,XLV,0.011589,-0.034581278
2009-02-13,XLV,-0.015152,0.088098235
2009-02-16,XLV,0.0,-0.020675281
2009-02-17,XLV,-0.017261,-0.03386814
2009-02-18,XLV,-0.000382,0.0073831603
2009-02-19,XLV,-0.00191,-0.053457316
2009-02-20,XLV,-0.010333,0.07619426
2009-02-23,XLV,-0.019722,0.080165625
2009-02-24,XLV,0.014596,0.052896183
2009-02-25,XLV,-0.020218,0.057697214
2009-02-26,XLV,-0.05,-0.024701059
2009-02-27,XLV,-0.0401,-0.023697669
2009-03-02,XLV,-0.043081,0.048044313
2009-03-03,XLV,-0.002274,0.04864029
2009-03-04,XLV,0.028715,0.06686826
2009-03-05,XLV,-0.026584,-0.027417207
2009-03-06,XLV,0.014565,0.05813671
2009-03-09,XLV,-0.018394,0.06181193
2009-03-10,XLV,0.036106,0.019597843
2009-03-11,XLV,-0.018086,-0.017083323
2009-03-12,XLV,0.048967,-0.025225261
2009-03-13,XLV,0.033405,0.062166154
2009-03-16,XLV,-0.010775,0.053571917
2009-03-17,XLV,0.015501,0.06123293
2009-03-18,XLV,0.00165,0.01802269
2009-03-19,XLV,-0.0243,0.07491322
2009-03-20,XLV,0.000263,0.045375958
2009-03-23,XLV,0.036518,0.08382973
2009-03-24,XLV,-0.013109,0.08408311
2009-03-25,XLV,0.006642,0.08138505
2009-03-26,XLV,0.011134,0.057461865
2009-03-27,XLV,-0.010604,0.04623785
2009-03-30,XLV,-0.005771,0.065541096
2009-03-31,XLV,0.003731,0.078487046
2009-04-01,XLV,-0.000413,0.08956839
2009-04-02,XLV,0.004132,0.059919596
2009-04-03,XLV,-0.016461,-0.04614091
2009-04-06,XLV,0.009623,0.06758228
2009-04-07,XLV,-0.011189,-0.055487342
2009-04-08,XLV,0.006706,0.04736841
2009-04-09,XLV,0.004579,0.027242
2009-04-10,XLV,0.0,-0.07064957
2009-04-13,XLV,0.007874,0.054320086
2009-04-14,XLV,-0.004523,0.057792544
2009-04-15,XLV,0.005783,-0.05248124
2009-04-16,XLV,0.004517,-0.024824608
2009-04-17,XLV,0.011447,0.05806799
2009-04-20,XLV,-0.019402,-0.04994589
2009-04-21,XLV,-0.009481,0.08686468
2009-04-22,XLV,-0.01082,0.028060257
2009-04-23,XLV,0.000841,0.05867742
2009-04-24,XLV,-0.001261,0.06925859
2009-04-27,XLV,0.010943,-0.05090975
2009-04-28,XLV,0.003747,0.05279793
2009-04-29,XLV,0.003733,0.044404753
2009-04-30,XLV,-0.000826,0.053490177
2009-05-01,XLV,-0.001654,-0.055129834
2009-05-04,XLV,0.01657,-0.048914947
2009-05-05,XLV,0.01141,0.053594217
2009-05-06,XLV,-0.006043,-0.028352425
2009-05-07,XLV,0.020268,0.05579043
2009-05-08,XLV,0.016687,-0.058379952
2009-05-11,XLV,-0.017194,-0.020158034
2009-05-12,XLV,0.016302,-0.049698815
2009-05-13,XLV,-0.002347,-0.041335784
2009-05-14,XLV,0.001176,-0.029496638
2009-05-15,XLV,-0.007834,-0.031810362
2009-05-18,XLV,0.00987,0.089782126
2009-05-19,XLV,-0.007428,-0.04982742
2009-05-20,XLV,0.003939,0.052602842
2009-05-21,XLV,-0.009023,-0.04272642
2009-05-22,XLV,0.001188,0.080293775
2009-05-25,XLV,0.0,0.044458672
2009-05-26,XLV,0.009094,0.013554119
2009-05-27,XLV,-0.010188,0.062538125
2009-05-28,XLV,0.005146,-0.046405457
2009-05-29,XLV,0.01733,0.04934135
2009-06-01,XLV,0.006581,0.06734361
2009-06-02,XLV,0.006154,0.05289406
2009-06-03,XLV,-0.002294,0.07677234
2009-06-04,XLV,-0.013793,0.009837429
2009-06-05,XLV,0.001943,-0.036882434
2009-06-08,XLV,-0.010857,0.0655291
2009-06-09,XLV,-0.005096,-0.061620403
2009-06-10,XLV,-0.004334,0.06340508
2009-06-11,XLV,0.010685,-0.008996865
2009-06-12,XLV,0.003524,0.0076193856
2009-06-15,XLV,-0.030823,0.07518415
2009-06-16,XLV,0.004026,-0.05503863
2009-06-17,XLV,0.022855,0.050762754
2009-06-18,XLV,0.019208,0.06574915
2009-06-19,XLV,0.008061,-0.03353841
2009-06-22,XLV,-0.018021,-0.06095614
2009-06-23,XLV,-0.003124,0.08536495
2009-06-24,XLV,0.005092,0.06746731
2009-06-25,XLV,0.02767,-0.059347562
2009-06-26,XLV,0.0,0.05776952
2009-06-29,XLV,0.006067,0.04394044
2009-06-30,XLV,-0.008293,0.03141009
2009-07-01,XLV,0.002661,0.064817585
2009-07-02,XLV,-0.023882,-0.056786206
2009-07-03,XLV,0.0,0.013885168
2009-07-06,XLV,0.007767,0.043676216
2009-07-07,XLV,-0.003854,-0.06255521
2009-07-08,XLV,0.009284,-0.040607814
2009-07-09,XLV,-0.012649,0.07018276
2009-07-10,XLV,-0.004658,0.021221405
2009-07-13,XLV,0.017551,-0.042406917
2009-07-14,XLV,0.004599,0.04324912
2009-07-15,XLV,0.008775,0.049360402
2009-07-16,XLV,0.00643,-0.044282135
2009-07-17,XLV,-0.003006,0.009393535
2009-07-20,XLV,0.002262,0.025150936
2009-07-21,XLV,0.014667,0.07776908
2009-07-22,XLV,-0.003706,-0.05568858
2009-07-23,XLV,0.020089,0.065206125
2009-07-24,XLV,0.017505,0.048603304
2009-07-27,XLV,-0.000717,0.06442876
2009-07-28,XLV,0.006815,0.048653264
2009-07-29,XLV,-0.000713,0.014054835
2009-07-30,XLV,0.001426,-0.03821081
2009-07-31,XLV,-0.007832,0.071137525
2009-08-03,XLV,0.0061,-0.042223237
2009-08-04,XLV,0.002496,-0.067137465
2009-08-05,XLV,-0.01423,-0.053234357
2009-08-06,XLV,-0.007218,0.012299528
2009-08-07,XLV,0.004362,0.07043993
2009-08-10,XLV,0.007962,0.059698537
2009-08-11,XLV,-0.001436,0.06906579
2009-08-12,XLV,0.005394,0.07466546
2009-08-13,XLV,-0.001073,-0.05702239
2009-08-14,XLV,0.0,-0.03852413
2009-08-17,XLV,-0.003938,0.06471587
2009-08-18,XLV,-0.000719,-0.036076367
2009-08-19,XLV,0.014029,0.0024740875
2009-08-20,XLV,0.007095,0.055164754
2009-08-21,XLV,0.010215,-0.044733193
2009-08-24,XLV,0.006973,0.08783123
2009-08-25,XLV,0.0,-0.06996008
2009-08-26,XLV,0.000346,0.080398835
2009-08-27,XLV,-0.000346,-0.05137748
2009-08-28,XLV,-0.007271,-0.060045213
2009-08-31,XLV,-0.001744,-0.06459883
2009-09-01,XLV,-0.016073,-0.06307263
2009-09-02,XLV,0.002131,-0.04380021
2009-09-03,XLV,-0.004607,-0.063799
2009-09-04,XLV,0.01424,0.07635813
2009-09-07,XLV,0.0,0.08207989
2009-09-08,XLV,-0.004563,-0.050835688
2009-09-09,XLV,0.011636,-0.06391482
2009-09-10,XLV,0.007668,0.008340665
2009-09-11,XLV,0.000346,0.059625573
2009-09-14,XLV,0.003804,0.07654195
2009-09-15,XLV,-0.008956,0.069499664
2009-09-16,XLV,0.009037,0.07175501
2009-09-17,XLV,-0.000689,0.060412325
2009-09-18,XLV,-0.004234,0.06471684
2009-09-21,XLV,0.009736,0.03325236
2009-09-22,XLV,-0.003099,-0.054660495
2009-09-23,XLV,-0.014162,0.048312727
2009-09-24,XLV,-0.001051,0.03457001
2009-09-25,XLV,0.000702,-0.059536178
2009-09-28,XLV,0.010866,0.028617786
2009-09-29,XLV,0.001387,0.0020822133
2009-09-30,XLV,-0.007271,0.033731125
2009-10-01,XLV,-0.014301,-0.05490337
2009-10-02,XLV,-0.003892,0.026989667
2009-10-05,XLV,0.006394,-0.05368497
2009-10-06,XLV,0.008119,0.057665247
2009-10-07,XLV,0.0007,0.07151546
2009-10-08,XLV,0.00105,0.038543437
2009-10-09,XLV,0.009437,-0.058879472
2009-10-12,XLV,0.004848,-0.037195385
2009-10-13,XLV,-0.009649,-0.0064226547
2009-10-14,XLV,0.01531,0.049601026
2009-10-15,XLV,0.002742,-0.039154787
2009-10-16,XLV,-0.000684,0.06094828
2009-10-19,XLV,0.00855,0.00057665486
2009-10-20,XLV,-0.009495,0.059440587
2009-10-21,XLV,-0.01318,0.05360635
2009-10-22,XLV,0.006418,-0.014628234
2009-10-23,XLV,-0.010341,-0.069359064
2009-10-26,XLV,-0.010798,-0.003140554
2009-10-27,XLV,0.004225,0.0608332
2009-10-28,XLV,-0.010168,0.021503957
2009-10-29,XLV,0.008856,-0.028879095
2009-10-30,XLV,-0.014396,0.06756981
2009-11-02,XLV,0.004275,0.05329906
2009-11-03,XLV,0.000355,0.04706152
2009-11-04,XLV,0.012766,-0.018170008
2009-11-05,XLV,0.016457,0.030299652
2009-11-06,XLV,0.004478,0.04305269
2009-11-09,XLV,0.016804,-0.027701959
2009-11-10,XLV,0.006745,0.051732786
2009-11-11,XLV,0.00134,0.05251803
2009-11-12,XLV,-0.005688,-0.010248597
2009-11-13,XLV,0.002019,-0.005894754
2009-11-16,XLV,0.010074,-0.027884992
2009-11-17,XLV,0.00266,-0.04971907
2009-11-18,XLV,0.005637,0.06429448
2009-11-19,XLV,-0.004946,0.009253811
2009-11-20,XLV,0.006958,0.0082284305
2009-11-23,XLV,0.009214,0.0566852
2009-11-24,XLV,0.007825,0.044910163
2009-11-25,XLV,0.006147,-0.036603987
2009-11-26,XLV,0.0,0.07309063
2009-11-27,XLV,-0.009968,0.087353796
2009-11-30,XLV,-0.003573,0.048119567
2009-12-01,XLV,0.017601,-0.03674824
2009-12-02,XLV,-0.002242,-0.04898336
2009-12-03,XLV,-0.004815,0.013311634
2009-12-04,XLV,-0.000645,0.022084888
2009-12-07,XLV,-0.001291,0.026684768
2009-12-08,XLV,-0.007757,0.04732706
2009-12-09,XLV,0.008469,-0.043560993
2009-12-10,XLV,0.010336,0.063777745
2009-12-11,XLV,0.0,-0.04631555
2009-12-14,XLV,0.009271,-0.043726444
2009-12-15,XLV,0.000317,0.0051324586
2009-12-16,XLV,-0.005066,-0.047142345
2009-12-17,XLV,-0.00923,0.046940073
2009-12-18,XLV,0.005506,0.060416766
2009-12-21,XLV,0.009316,-0.040672373
2009-12-22,XLV,0.004456,-0.040263563
2009-12-23,XLV,-0.003169,-0.05238964
2009-12-24,XLV,0.0,0.06423179
2009-12-25,XLV,0.0,0.063737445
2009-12-28,XLV,0.005086,0.06908477
2009-12-29,XLV,-0.001265,-0.033372093
2009-12-30,XLV,-0.00285,0.042044777
2009-12-31,XLV,-0.013338,0.05839478
2009-01-01,XLI,0.0,-0.07005423
2009-01-02,XLI,0.036721,-0.06304665
2009-01-05,XLI,-0.007825,0.0049816063
2009-01-06,XLI,0.022001,0.034051493
2009-01-07,XLI,-0.044679,-0.07434577
2009-01-08,XLI,0.009779,0.034746293
2009-01-09,XLI,-0.021895,-0.05672989
2009-01-12,XLI,-0.021954,0.03229895
2009-01-13,XLI,-0.017165,0.022695791
2009-01-14,XLI,-0.03717,-0.06965015
2009-01-15,XLI,0.009302,0.028158238
2009-01-16,XLI,0.00553,-0.060683705
2009-01-19,XLI,0.0,-0.08114862
2009-01-20,XLI,-0.046288,0.0019285385
2009-01-21,XLI,0.025469,-0.04187128
2009-01-22,XLI,-0.00328,-0.06339235
2009-01-23,XLI,-0.030089,-0.052034818
2009-01-26,XLI,0.011634,-0.09083838
2009-01-27,XLI,0.018208,-0.093960136
2009-01-28,XLI,0.028706,-0.10860136
2009-01-29,XLI,-0.036597,-0.08843499
2009-01-30,XLI,-0.021367,-0.09114304
2009-02-02,XLI,-0.022805,-0.070486434
2009-02-03,XLI,0.018371,-0.12688732
2009-02-04,XLI,-0.005363,-0.08287091
2009-02-05,XLI,0.011765,-0.10208187
2009-02-06,XLI,0.024225,-0.06587177
2009-02-09,XLI,0.018922,-0.05137718
2009-02-10,XLI,-0.052461,-0.11042171
2009-02-11,XLI,0.007839,-0.086221166
2009-02-12,XLI,-0.011181,-0.08311076
2009-02-13,XLI,0.0,-0.040292908
2009-02-16,XLI,0.0,-0.10092163
2009-02-17,XLI,-0.050639,-0.096153446
2009-02-18,XLI,0.001554,-0.0881991
2009-02-19,XLI,-0.022234,-0.082080044
2009-02-20,XLI,-0.015336,-0.049052108
2009-02-23,XLI,-0.038668,0.033953622
2009-02-24,XLI,0.021788,-0.083972484
2009-02-25,XLI,-0.024057,-0.08940682
2009-02-26,XLI,-0.017367,-0.08974728
2009-02-27,XLI,-0.025086,-0.09965011
2009-03-02,XLI,-0.065497,-0.13066983
2009-03-03,XLI,-0.007509,-0.10305451
2009-03-04,XLI,0.027743,-0.084508605
2009-03-05,XLI,-0.03865,-0.123737715
2009-03-06,XLI,-0.010849,-0.11199787
2009-03-09,XLI,-0.009032,-0.088807255
2009-03-10,XLI,0.075521,-0.1290853
2009-03-11,XLI,0.009685,0.003620889
2009-03-12,XLI,0.032374,-0.112444475
2009-03-13,XLI,0.001742,-0.10748935
2009-03-16,XLI,0.011015,-0.112637915
2009-03-17,XLI,0.029243,-0.104182154
2009-03-18,XLI,0.018942,-0.12690173
2009-03-19,XLI,-0.009841,-0.081918426
2009-03-20,XLI,-0.030229,-0.11684909
2009-03-23,XLI,0.072455,-0.06482814
2009-03-24,XLI,-0.008043,-0.077467665
2009-03-25,XLI,0.008108,-0.08115668
2009-03-26,XLI,0.053619,-0.09840229
2009-03-27,XLI,-0.018829,-0.11369462
2009-03-30,XLI,-0.049793,-0.087768145
2009-03-31,XLI,0.006004,-0.0681119
2009-04-01,XLI,0.022246,0.0253027
2009-04-02,XLI,0.053609,-0.06496893
2009-04-03,XLI,0.001008,-0.06881482
2009-04-06,XLI,0.002516,-0.06895135
2009-04-07,XLI,-0.028614,-0.08543471
2009-04-08,XLI,0.008786,-0.08346888
2009-04-09,XLI,0.04918,-0.10391437
2009-04-10,XLI,0.0,-0.095001616
2009-04-13,XLI,0.00293,-0.07273506
2009-04-14,XLI,-0.014606,-0.06778042
2009-04-15,XLI,0.009387,-0.09053022
2009-04-16,XLI,0.033774,-0.08356284
2009-04-17,XLI,-0.000473,-0.080645844
2009-04-20,XLI,-0.044055,-0.086402364
2009-04-21,XLI,0.024281,0.0104194945
2009-04-22,XLI,0.015481,-0.08445167
2009-04-23,XLI,0.010958,-0.09487578
2009-04-24,XLI,0.020735,-0.042616643
2009-04-27,XLI,-0.019852,-0.102758974
2009-04-28,XLI,-0.011776,-0.07260211
2009-04-29,XLI,0.033365,-0.05890715
2009-04-30,XLI,0.00369,-0.07829175
2009-05-01,XLI,0.011029,-0.07278069
2009-05-04,XLI,0.032727,-0.0938351
2009-05-05,XLI,0.003081,-0.04291486
2009-05-06,XLI,0.015796,-0.10713938
2009-05-07,XLI,-0.020302,-0.043092486
2009-05-08,XLI,0.036596,-0.07695883
2009-05-11,XLI,-0.029775,0.016305763
2009-05-12,XLI,-0.010785,-0.09098389
2009-05-13,XLI,-0.041393,-0.089258395
2009-05-14,XLI,0.007397,-0.063904785
2009-05-15,XLI,0.000459,-0.06037198
2009-05-18,XLI,0.036697,0.029201983
2009-05-19,XLI,-0.007522,-0.07179297
2009-05-20,XLI,0.000892,-0.062234256
2009-05-21,XLI,-0.03029,-0.087017655
2009-05-22,XLI,-0.003675,-0.05489086
2009-05-25,XLI,0.0,-0.08430736
2009-05-26,XLI,0.036422,-0.0876705
2009-05-27,XLI,-0.032473,-0.061591893
2009-05-28,XLI,0.009655,-0.079755746
2009-05-29,XLI,0.024135,-0.054662872
2009-06-01,XLI,0.046243,-0.055990852
2009-06-02,XLI,0.0017,-0.042946793
2009-06-03,XLI,-0.019516,0.018683437
2009-06-04,XLI,0.018174,-0.08349174
2009-06-05,XLI,0.0085,-0.08983128
2009-06-08,XLI,0.002529,-0.0017496281
2009-06-09,XLI,-0.002102,-0.06966142
2009-06-10,XLI,-0.006318,-0.053346377
2009-06-11,XLI,-0.001696,-0.05357603
2009-06-12,XLI,0.001699,-0.09979319
2009-06-15,XLI,-0.030521,-0.030868119
2009-06-16,XLI,-0.018365,-0.074647464
2009-06-17,XLI,-0.007572,-0.053129133
2009-06-18,XLI,0.000898,0.013986999
2009-06-19,XLI,0.002172,-0.09420536
2009-06-22,XLI,-0.033333,-0.07034289
2009-06-23,XLI,-0.00932,-0.036472622
2009-06-24,XLI,0.006585,-0.047171686
2009-06-25,XLI,0.030841,-0.08108956
2009-06-26,XLI,-0.00408,-0.027130606
2009-06-29,XLI,0.010014,-0.05004054
2009-06-30,XLI,-0.010365,-0.090896666
2009-07-01,XLI,0.004098,-0.054717436
2009-07-02,XLI,-0.031292,-0.083136946
2009-07-03,XLI,0.0,-0.094357364
2009-07-06,XLI,0.000468,-0.04573044
2009-07-07,XLI,-0.03416,-0.08365547
2009-07-08,XLI,-0.003876,-0.07526656
2009-07-09,XLI,0.009241,0.011794335
2009-07-10,XLI,-0.001446,0.011316678
2009-07-13,XLI,0.025579,-0.06983448
2009-07-14,XLI,0.014588,-0.07928554
2009-07-15,XLI,0.031076,0.013622666
2009-07-16,XLI,0.018444,-0.06310523
2009-07-17,XLI,-0.011484,-0.09617402
2009-07-20,XLI,0.020107,-0.08803773
2009-07-21,XLI,0.000438,-0.033023637
2009-07-22,XLI,0.003065,-0.07084858
2009-07-23,XLI,0.020952,-0.040473923
2009-07-24,XLI,0.000855,-0.051774967
2009-07-27,XLI,0.005553,-0.05621123
2009-07-28,XLI,-0.00085,0.002586212
2009-07-29,XLI,-0.004677,-0.105352946
2009-07-30,XLI,0.016232,-0.08434322
2009-07-31,XLI,0.003783,0.028651351
2009-08-03,XLI,0.021776,-0.07564763
2009-08-04,XLI,0.007377,-0.07678685
2009-08-05,XLI,-0.008137,-0.11044424
2009-08-06,XLI,0.005332,-0.06784058
2009-08-07,XLI,0.024888,-0.030733097
2009-08-10,XLI,-0.009554,-0.039854333
2009-08-11,XLI,-0.013264,-0.034441777
2009-08-12,XLI,0.017515,-0.042058367
2009-08-13,XLI,0.004404,-0.098069966
2009-08-14,XLI,-0.014348,-0.065945856
2009-08-17,XLI,-0.029519,-0.0396691
2009-08-18,XLI,0.012083,-0.07071773
2009-08-19,XLI,0.002882,0.009125333
2009-08-20,XLI,0.012315,-0.07609565
2009-08-21,XLI,0.025953,-0.068783544
2009-08-24,XLI,0.001976,-0.035637975
2009-08-25,XLI,0.005523,-0.046093952
2009-08-26,XLI,-0.0102,-0.021091534
2009-08-27,XLI,0.009116,-0.04612451
2009-08-28,XLI,-0.005499,-0.050682425
2009-08-31,XLI,-0.011848,-0.06484599
2009-09-01,XLI,-0.016787,-0.064566076
2009-09-02,XLI,-0.004065,-0.08844873
2009-09-03,XLI,0.013061,-0.07160387
2009-09-04,XLI,0.019742,-0.017967649
2009-09-07,XLI,0.0,-0.01861672
2009-09-08,XLI,0.008692,-0.0785201
2009-09-09,XLI,0.016843,-0.068247356
2009-09-10,XLI,0.008475,-0.04568192
2009-09-11,XLI,0.006494,0.032993443
2009-09-14,XLI,0.009488,0.03345265
2009-09-15,XLI,0.01203,0.028037962
2009-09-16,XLI,0.01263,-0.017359417
2009-09-17,XLI,0.001834,-0.008595824
2009-09-18,XLI,-0.005716,-0.024158223
2009-09-21,XLI,-0.005924,-0.028608246
2009-09-22,XLI,0.011918,-0.058354773
2009-09-23,XLI,-0.008465,0.019676743
2009-09-24,XLI,-0.016333,-0.0220317
2009-09-25,XLI,-0.013962,0.013689964
2009-09-28,XLI,0.020666,-0.077542424
2009-09-29,XLI,-0.00225,-0.058584206
2009-09-30,XLI,-0.010147,-0.033703897
2009-10-01,XLI,-0.025057,-0.048422083
2009-10-02,XLI,-0.01285,-0.07582236
2009-10-05,XLI,0.020513,-0.044063304
2009-10-06,XLI,0.009664,-0.09237811
2009-10-07,XLI,-0.003828,-0.025307024
2009-10-08,XLI,0.017679,0.023786308
2009-10-09,XLI,0.002643,0.011854569
2009-10-12,XLI,-0.001883,-0.0734188
2009-10-13,XLI,0.000755,0.031557493
2009-10-14,XLI,0.029035,-0.06691274
2009-10-15,XLI,-0.001466,0.008045278
2009-10-16,XLI,-0.006972,-0.026049212
2009-10-19,XLI,0.010717,0.019491114
2009-10-20,XLI,-0.006947,-0.051090002
2009-10-21,XLI,-0.00718,-0.012485341
2009-10-22,XLI,0.007232,-0.027663296
2009-10-23,XLI,-0.017673,-0.033273544
2009-10-26,XLI,-0.007871,0.03406094
2009-10-27,XLI,-0.0136,-0.033230096
2009-10-28,XLI,-0.020682,-0.036501892
2009-10-29,XLI,0.023856,0.008946511
2009-10-30,XLI,-0.033995,-0.047370784
2009-11-02,XLI,0.011467,-0.013565316
2009-11-03,XLI,0.017201,-0.02341881
2009-11-04,XLI,-0.001922,-0.064436726
2009-11-05,XLI,0.025799,-0.045716163
2009-11-06,XLI,0.009009,-0.009511753
2009-11-09,XLI,0.025298,-0.045050774
2009-11-10,XLI,-0.005806,-0.016984992
2009-11-11,XLI,0.007664,0.034011617
2009-11-12,XLI,-0.01159,-0.04021447
2009-11-13,XLI,0.007695,-0.043270502
2009-11-16,XLI,0.022909,-0.05334645
2009-11-17,XLI,-0.001777,-0.03923409
2009-11-18,XLI,-0.005342,0.03356147
2009-11-19,XLI,-0.015038,-0.06455
2009-11-20,XLI,-0.001818,-0.046090964
2009-11-23,XLI,0.018208,0.029971518
2009-11-24,XLI,-0.008226,0.022511233
2009-11-25,XLI,0.008294,-0.055340745
2009-11-26,XLI,0.0,0.025254296
2009-11-27,XLI,-0.019313,-0.009407163
2009-11-30,XLI,0.003282,-0.00064407074
2009-12-01,XLI,0.016358,-0.048172392
2009-12-02,XLI,-0.002861,-0.06486359
2009-12-03,XLI,-0.004663,-0.05969321
2009-12-04,XLI,0.015135,-0.05599393
2009-12-07,XLI,-0.00355,-0.05669361
2009-12-08,XLI,-0.015319,0.02073075
2009-12-09,XLI,0.004703,-0.04089205
2009-12-10,XLI,0.004321,0.043671213
2009-12-11,XLI,0.010039,-0.056294348
2009-12-14,XLI,0.013489,-0.052752126
2009-12-15,XLI,-0.002802,-0.0356445
2009-12-16,XLI,-0.004215,-0.045418125
2009-12-17,XLI,-0.010935,-0.031930625
2009-12-18,XLI,-0.000337,0.025762359
2009-12-21,XLI,0.00754,-0.062452164
2009-12-22,XLI,0.001069,-0.061183732
2009-12-23,XLI,0.00178,-0.046963442
2009-12-24,XLI,0.003909,0.043218575
2009-12-25,XLI,0.0,0.036583558
2009-12-28,XLI,-0.00177,0.03531709
2009-12-29,XLI,0.002837,-0.04304065
2009-12-30,XLI,-0.004951,-0.0038097966
2009-12-31,XLI,-0.012438,0.030318175
2009-01-01,XLU,0.0,-0.070818566
2009-01-02,XLU,0.023424,-0.05732994
2009-01-05,XLU,0.014137,-0.057485145
2009-01-06,XLU,-0.014271,-0.03784577
2009-01-07,XLU,-0.008081,-0.05170606
2009-01-08,XLU,-0.005092,0.033211753
2009-01-09,XLU,-0.007847,-0.04996252
2009-01-12,XLU,0.000344,0.033409353
2009-01-13,XLU,-0.018907,0.018962236
2009-01-14,XLU,-0.012264,-0.05625911
2009-01-15,XLU,0.005321,0.029150834
2009-01-16,XLU,0.01976,-0.04209021
2009-01-19,XLU,0.0,-0.08443425
2009-01-20,XLU,-0.017301,0.02352549
2009-01-21,XLU,0.011268,-0.045421753
2009-01-22,XLU,-0.000348,-0.06730059
2009-01-23,XLU,0.00209,-0.045596078
2009-01-26,XLU,0.023983,-0.07360045
2009-01-27,XLU,0.004752,-0.07509485
2009-01-28,XLU,0.006419,-0.069120824
2009-01-29,XLU,-0.007385,-0.06418365
2009-01-30,XLU,-0.019953,-0.07078574
2009-02-02,XLU,0.005521,-0.071419075
2009-02-03,XLU,0.004461,-0.102586284
2009-02-04,XLU,0.007516,-0.0790917
2009-02-05,XLU,0.007121,-0.09907734
2009-02-06,XLU,0.006397,0.010078641
2009-02-09,XLU,-0.005554,-0.068566374
2009-02-10,XLU,-0.028395,-0.10211759
2009-02-11,XLU,-0.003116,-0.06545764
2009-02-12,XLU,-0.008684,-0.088519014
2009-02-13,XLU,-0.005957,-0.053672463
2009-02-16,XLU,0.0,-0.09767669
2009-02-17,XLU,-0.043356,-0.095190085
2009-02-18,XLU,-0.015107,-0.09577085
2009-02-19,XLU,0.004415,-0.06256354
2009-02-20,XLU,-0.022646,-0.05070986
2009-02-23,XLU,-0.024009,0.013113497
2009-02-24,XLU,0.028895,-0.091099076
2009-02-25,XLU,-0.006452,-0.06858533
2009-02-26,XLU,-0.016425,-0.06035853
2009-02-27,XLU,-0.015534,-0.051169787
2009-03-02,XLU,-0.031558,-0.099006884
2009-03-03,XLU,-0.035845,-0.08659989
2009-03-04,XLU,0.009294,-0.033039577
2009-03-05,XLU,-0.028464,-0.084482655
2009-03-06,XLU,-0.001292,-0.080677204
2009-03-09,XLU,-0.018982,-0.070499465
2009-03-10,XLU,0.013193,-0.09070271
2009-03-11,XLU,-0.001736,0.0330286
2009-03-12,XLU,0.013043,-0.08783776
2009-03-13,XLU,0.013734,-0.08151607
2009-03-16,XLU,0.027096,-0.09420669
2009-03-17,XLU,0.015664,-0.07057817
2009-03-18,XLU,0.032468,-0.09481797
2009-03-19,XLU,0.014544,-0.046948485
2009-03-20,XLU,-0.006907,-0.06992276
2009-03-23,XLU,0.038659,-0.046166148
2009-03-24,XLU,-0.021648,-0.040822532
2009-03-25,XLU,-0.000388,-0.05908386
2009-03-26,XLU,0.012039,-0.06926357
2009-03-27,XLU,-0.009977,-0.08262527
2009-03-30,XLU,-0.019767,-0.06356499
2009-03-31,XLU,0.010281,-0.050283182
2009-04-01,XLU,0.003914,-0.0471826
2009-04-02,XLU,0.012865,-0.05164042
2009-04-03,XLU,0.006543,-0.070308715
2009-04-06,XLU,-0.008413,-0.042015802
2009-04-07,XLU,-0.004628,-0.06883028
2009-04-08,XLU,0.009686,-0.07495678
2009-04-09,XLU,0.000384,-0.09247785
2009-04-10,XLU,0.0,-0.059336733
2009-04-13,XLU,-0.013042,-0.07930505
2009-04-14,XLU,-0.012825,-0.05180627
2009-04-15,XLU,0.009449,-0.07294186
2009-04-16,XLU,0.00702,-0.10275284
2009-04-17,XLU,-0.001549,-0.05707014
2009-04-20,XLU,-0.011249,-0.040093035
2009-04-21,XLU,0.003688,-0.02945357
2009-04-22,XLU,-0.01071,-0.10825108
2009-04-23,XLU,0.003556,-0.09481498
2009-04-24,XLU,-0.001575,-0.048752118
2009-04-27,XLU,0.007098,-0.114624836
2009-04-28,XLU,0.003915,-0.06360463
2009-04-29,XLU,0.00741,-0.064238824
2009-04-30,XLU,0.000774,-0.06623631
2009-05-01,XLU,0.026306,-0.07070216
2009-05-04,XLU,0.015077,-0.09469152
2009-05-05,XLU,-0.001857,-0.05377823
2009-05-06,XLU,-0.005952,-0.098499075
2009-05-07,XLU,0.00524,-0.058944635
2009-05-08,XLU,0.01452,-0.045127418
2009-05-11,XLU,-0.004404,-0.07721041
2009-05-12,XLU,0.007003,-0.0646368
2009-05-13,XLU,-0.02672,-0.08855506
2009-05-14,XLU,-0.000752,0.04447644
2009-05-15,XLU,-0.023711,-0.04060242
2009-05-18,XLU,0.0,-0.044771116
2009-05-19,XLU,0.018119,-0.07048683
2009-05-20,XLU,-0.018175,-0.06828156
2009-05-21,XLU,-0.011955,-0.09677168
2009-05-22,XLU,0.008197,-0.05214148
2009-05-25,XLU,0.0,-0.086154744
2009-05-26,XLU,0.029036,-0.110293336
2009-05-27,XLU,-0.020316,-0.058725256
2009-05-28,XLU,0.020737,-0.043539755
2009-05-29,XLU,0.007148,-0.06859505
2009-06-01,XLU,0.032125,-0.052862152
2009-06-02,XLU,-0.011944,-0.07060837
2009-06-03,XLU,-0.01685,-0.052728336
2009-06-04,XLU,0.009314,-0.12831084
2009-06-05,XLU,0.001107,-0.09618619
2009-06-08,XLU,-0.006268,-0.04916754
2009-06-09,XLU,-0.002597,-0.05850989
2009-06-10,XLU,0.015625,-0.05988602
2009-06-11,XLU,0.019414,-0.07871788
2009-06-12,XLU,0.012576,-0.115495786
2009-06-15,XLU,-0.020227,-0.03922533
2009-06-16,XLU,-0.006882,-0.05450462
2009-06-17,XLU,0.002918,-0.058025293
2009-06-18,XLU,0.022545,-0.04005325
2009-06-19,XLU,-0.011846,-0.07803401
2009-06-22,XLU,-0.002912,-0.03569059
2009-06-23,XLU,-0.008762,-0.052273184
2009-06-24,XLU,0.008471,-0.045296255
2009-06-25,XLU,0.016801,-0.060838938
2009-06-26,XLU,-0.003592,-0.041204225
2009-06-29,XLU,0.012978,-0.057881042
2009-06-30,XLU,-0.007473,-0.08774537
2009-07-01,XLU,0.012908,-0.04525811
2009-07-02,XLU,-0.028673,-0.06259781
2009-07-03,XLU,0.0,-0.10395296
2009-07-06,XLU,0.005831,-0.05859095
2009-07-07,XLU,-0.019928,-0.06513657
2009-07-08,XLU,-0.004436,-0.05249518
2009-07-09,XLU,0.000371,-0.024006782
2009-07-10,XLU,-0.001114,-0.10875075
2009-07-13,XLU,0.017466,-0.100945786
2009-07-14,XLU,0.00767,-0.05693093
2009-07-15,XLU,0.019935,-0.052105613
2009-07-16,XLU,0.000355,-0.01821393
2009-07-17,XLU,-0.004618,-0.09918158
2009-07-20,XLU,0.007495,-0.10408023
2009-07-21,XLU,0.009919,-0.029411282
2009-07-22,XLU,-0.005261,-0.04457463
2009-07-23,XLU,0.026093,-0.030241495
2009-07-24,XLU,0.015808,-0.05395484
2009-07-27,XLU,-0.002368,-0.030161874
2009-07-28,XLU,-0.016277,-0.05077525
2009-07-29,XLU,-0.004826,-0.06831932
2009-07-30,XLU,0.015241,-0.021491474
2009-07-31,XLU,-0.012624,-0.05102987
2009-08-03,XLU,0.010021,-0.039207708
2009-08-04,XLU,-0.014711,-0.080009356
2009-08-05,XLU,-0.006944,-0.08679664
2009-08-06,XLU,0.001748,-0.015548632
2009-08-07,XLU,0.009424,0.009141168
2009-08-10,XLU,0.002075,-0.033895127
2009-08-11,XLU,0.00069,-0.029376853
2009-08-12,XLU,0.004828,-0.04800139
2009-08-13,XLU,-0.003432,-0.055616666
2009-08-14,XLU,0.0,0.022293346
2009-08-17,XLU,-0.013774,0.019584054
2009-08-18,XLU,0.002095,0.015085009
2009-08-19,XLU,0.007317,-0.12815465
2009-08-20,XLU,0.008302,0.05096442
2009-08-21,XLU,0.019554,0.0153075475
2009-08-24,XLU,0.001682,-0.02440486
2009-08-25,XLU,-0.006382,-0.06550796
2009-08-26,XLU,-0.001014,-0.034411673
2009-08-27,XLU,0.0,-0.028846432
2009-08-28,XLU,-0.002369,0.006798154
2009-08-31,XLU,-0.00848,-0.06933616
2009-09-01,XLU,-0.007869,-0.07811094
2009-09-02,XLU,-0.006897,-0.041127115
2009-09-03,XLU,-0.000694,-0.092449866
2009-09-04,XLU,0.004864,0.012828365
2009-09-07,XLU,0.0,-0.012173399
2009-09-08,XLU,0.00242,-0.03224538
2009-09-09,XLU,-0.00138,0.013018706
2009-09-10,XLU,0.0,-0.08810923
2009-09-11,XLU,-0.000345,0.053766407
2009-09-14,XLU,0.014513,-0.040529773
2009-09-15,XLU,0.007493,0.024125377
2009-09-16,XLU,0.015889,0.025608212
2009-09-17,XLU,-0.006656,-0.035678215
2009-09-18,XLU,0.004535,0.008017771
2009-09-21,XLU,-0.004717,-0.030972987
2009-09-22,XLU,-0.002708,-0.022019414
2009-09-23,XLU,-0.003394,-0.037946288
2009-09-24,XLU,-0.002725,0.014818583
2009-09-25,XLU,-0.002732,-0.031979613
2009-09-28,XLU,0.008562,0.041843127
2009-09-29,XLU,0.002037,-0.037257493
2009-09-30,XLU,-0.0061,-0.017854417
2009-10-01,XLU,-0.017047,-0.027283944
2009-10-02,XLU,-0.010753,-0.099770114
2009-10-05,XLU,0.01087,0.003730964
2009-10-06,XLU,0.007631,-0.069750786
2009-10-07,XLU,0.000688,-0.011143519
2009-10-08,XLU,0.0,-0.021241931
2009-10-09,XLU,0.006192,-0.0734634
2009-10-12,XLU,0.010256,-0.04496105
2009-10-13,XLU,-0.007107,-0.028935272
2009-10-14,XLU,0.000682,-0.04212352
2009-10-15,XLU,0.007834,-0.019630622
2009-10-16,XLU,0.00338,-0.014647737
2009-10-19,XLU,0.014146,0.002348122
2009-10-20,XLU,-0.009964,-0.021428553
2009-10-21,XLU,0.001342,0.020161226
2009-10-22,XLU,0.002345,0.0063178223
2009-10-23,XLU,-0.016377,-0.03797995
2009-10-26,XLU,-0.013252,-0.020418731
2009-10-27,XLU,-0.002411,-0.017552318
2009-10-28,XLU,-0.01001,-0.051681835
2009-10-29,XLU,0.008717,0.017266374
2009-10-30,XLU,-0.018666,0.015993122
2009-11-02,XLU,-0.001761,0.01968707
2009-11-03,XLU,-0.002117,0.023534201
2009-11-04,XLU,0.006718,-0.03554558
2009-11-05,XLU,0.01686,0.003208973
2009-11-06,XLU,-0.001036,-0.030199124
2009-11-09,XLU,0.017981,-0.0104359435
2009-11-10,XLU,0.004755,-0.009223249
2009-11-11,XLU,-0.002366,0.01846909
2009-11-12,XLU,-0.013894,-0.024137866
2009-11-13,XLU,0.008935,0.02186093
2009-11-16,XLU,0.013965,-0.04015772
2009-11-17,XLU,-0.005375,-0.029873231
2009-11-18,XLU,-0.00439,0.009776119
2009-11-19,XLU,-0.012212,-0.028873516
2009-11-20,XLU,0.004464,-0.027649982
2009-11-23,XLU,0.01265,0.011172117
2009-11-24,XLU,0.002026,0.0014684423
2009-11-25,XLU,0.011456,-0.032771375
2009-11-26,XLU,0.0,0.018357743
2009-11-27,XLU,-0.016989,-0.025388267
2009-11-30,XLU,0.008472,0.020151284
2009-12-01,XLU,0.018817,-0.032014564
2009-12-02,XLU,0.013522,-0.01768889
2009-12-03,XLU,0.003254,-0.021978311
2009-12-04,XLU,-0.006163,0.011711661
2009-12-07,XLU,0.008812,-0.022579042
2009-12-08,XLU,-0.004206,0.014185562
2009-12-09,XLU,0.003574,-0.010005043
2009-12-10,XLU,0.012625,0.015876465
2009-12-11,XLU,0.017263,-0.022075456
2009-12-14,XLU,0.004714,0.0027429797
2009-12-15,XLU,-0.006256,-0.027277952
2009-12-16,XLU,-0.004407,-0.01873249
2009-12-17,XLU,-0.005691,0.02971145
2009-12-18,XLU,0.008556,0.03001769
2009-12-21,XLU,0.002871,0.010053339
2009-12-22,XLU,-0.00827,0.005829486
2009-12-23,XLU,0.002245,-0.013812376
2009-12-24,XLU,0.00736,0.018996874
2009-12-25,XLU,0.0,0.020431967
2009-12-28,XLU,0.000635,0.016483529
2009-12-29,XLU,-0.000635,-0.009943331
2009-12-30,XLU,-0.000318,0.015107386
2009-12-31,XLU,-0.014299,0.014094048
2009-01-01,XLY,0.0,0.011292619
2009-01-02,XLY,0.05007,0.016928336
2009-01-05,XLY,-0.004415,-0.015995238
2009-01-06,XLY,0.016851,0.044399034
2009-01-07,XLY,-0.039686,-0.015727852
2009-01-08,XLY,0.005904,0.052479252
2009-01-09,XLY,-0.0307,0.02476356
2009-01-12,XLY,-0.023754,0.037580788
2009-01-13,XLY,-0.012882,0.036719337
2009-01-14,XLY,-0.039149,-0.010662261
2009-01-15,XLY,0.024648,0.04749818
2009-01-16,XLY,0.011782,0.027976602
2009-01-19,XLY,0.0,-0.010051788
2009-01-20,XLY,-0.058709,-0.010180089
2009-01-21,XLY,0.030412,0.022846429
2009-01-22,XLY,-0.012506,0.021800127
2009-01-23,XLY,-0.003039,0.030164177
2009-01-26,XLY,0.007114,-0.0030632904
2009-01-27,XLY,-0.003027,-0.0032076407
2009-01-28,XLY,0.04251,0.024401875
2009-01-29,XLY,-0.040291,0.022319105
2009-01-30,XLY,-0.024785,0.04036776
2009-02-02,XLY,-0.009336,0.03694544
2009-02-03,XLY,0.028272,0.030595113
2009-02-04,XLY,-0.021894,-0.014237801
2009-02-05,XLY,0.01874,-0.019324103
2009-02-06,XLY,0.028615,0.02623013
2009-02-09,XLY,-0.002981,0.021202527
2009-02-10,XLY,-0.047334,0.04211348
2009-02-11,XLY,0.007845,0.027663156
2009-02-12,XLY,0.001557,-0.0086803865
2009-02-13,XLY,-0.016062,0.034877144
2009-02-16,XLY,0.0,0.032851893
2009-02-17,XLY,-0.037915,0.026182018
2009-02-18,XLY,-0.006568,-0.017693942
2009-02-19,XLY,-0.010468,0.037247486
2009-02-20,XLY,-0.006681,0.031848345
2009-02-23,XLY,-0.022422,0.0383333
2009-02-24,XLY,0.043578,0.031525552
2009-02-25,XLY,-0.009341,0.039934456
2009-02-26,XLY,-0.021076,0.040841717
2009-02-27,XLY,-0.006799,0.039747216
2009-03-02,XLY,-0.03765,0.0366552
2009-03-03,XLY,-0.007706,0.037162147
2009-03-04,XLY,0.022103,0.054941185
2009-03-05,XLY,-0.046756,0.032655507
2009-03-06,XLY,0.000613,0.047313247
2009-03-09,XLY,-0.012868,0.04126315
2009-03-10,XLY,0.061452,0.040874254
2009-03-11,XLY,0.015789,-0.0058231438
2009-03-12,XLY,0.036845,0.044920843
2009-03-13,XLY,0.01166,0.05191177
2009-03-16,XLY,-0.0236,0.05307647
2009-03-17,XLY,0.048342,0.04493046
2009-03-18,XLY,0.031635,0.04742427
2009-03-19,XLY,-0.010915,0.03695937
2009-03-20,XLY,-0.019839,0.050999403
2009-03-23,XLY,0.07062,0.050187886
2009-03-24,XLY,-0.013092,0.052459225
2009-03-25,XLY,0.007143,0.04553097
2009-03-26,XLY,0.046099,0.037913483
2009-03-27,XLY,-0.026634,0.059644986
2009-03-30,XLY,-0.029851,0.054560952
2009-03-31,XLY,0.007692,0.05865659
2009-04-01,XLY,0.018321,-0.020599805
2009-04-02,XLY,0.054973,0.041640487
2009-04-03,XLY,0.013264,0.020546854
2009-04-06,XLY,-0.014025,0.045904085
2009-04-07,XLY,-0.029398,0.03682006
2009-04-08,XLY,0.028334,0.06805468
2009-04-09,XLY,0.040855,0.046465617
2009-04-10,XLY,0.0,0.043242827
2009-04-13,XLY,0.000456,0.03242164
2009-04-14,XLY,-0.022354,0.06387153
2009-04-15,XLY,0.003266,0.03684895
2009-04-16,XLY,0.034884,0.042547
2009-04-17,XLY,0.012135,0.06560512
2009-04-20,XLY,-0.038188,0.025703553
2009-04-21,XLY,0.016621,0.03387011
2009-04-22,XLY,0.009991,-0.0008375211
2009-04-23,XLY,0.0,0.07522101
2009-04-24,XLY,0.02473,0.05570385
2009-04-27,XLY,-0.013164,0.034475952
2009-04-28,XLY,0.0,0.059890244
2009-04-29,XLY,0.01823,0.03516949
2009-04-30,XLY,0.017031,0.04004902
2009-05-01,XLY,-0.004723,0.04346319
2009-05-04,XLY,0.032355,0.041140508
2009-05-05,XLY,-0.000418,0.02574217
2009-05-06,XLY,0.010452,0.06574809
2009-05-07,XLY,-0.021928,-0.005789239
2009-05-08,XLY,0.014805,0.043784384
2009-05-11,XLY,-0.017507,-0.026864192
2009-05-12,XLY,-0.021213,0.043794822
2009-05-13,XLY,-0.035111,0.043168876
2009-05-14,XLY,0.001348,-0.016293563
2009-05-15,XLY,-0.007178,0.032570325
2009-05-18,XLY,0.049254,-0.0013928239
2009-05-19,XLY,-0.003876,0.050393805
2009-05-20,XLY,-0.010808,0.044717934
2009-05-21,XLY,-0.023601,0.02886852
2009-05-22,XLY,0.010743,0.05991619
2009-05-25,XLY,0.0,0.05972048
2009-05-26,XLY,0.033658,0.025960574
2009-05-27,XLY,-0.021851,0.045148995
2009-05-28,XLY,-0.003942,0.036944862
2009-05-29,XLY,0.016711,0.030634688
2009-06-01,XLY,0.04801,0.06301639
2009-06-02,XLY,0.008254,-0.0028479828
2009-06-03,XLY,-0.013099,-0.0066587212
2009-06-04,XLY,0.002074,0.035760924
2009-06-05,XLY,-0.006209,0.032461986
2009-06-08,XLY,0.009163,0.0231531
2009-06-09,XLY,0.005778,-0.014058656
2009-06-10,XLY,-0.014772,0.050149247
2009-06-11,XLY,-0.004998,0.05664993
2009-06-12,XLY,-0.001256,0.05421225
2009-06-15,XLY,-0.020117,0.036347844
2009-06-16,XLY,-0.025235,0.024315348
2009-06-17,XLY,0.014041,0.035208985
2009-06-18,XLY,-0.003029,0.038209215
2009-06-19,XLY,0.00814,-0.001711759
2009-06-22,XLY,-0.029831,0.036934033
2009-06-23,XLY,-0.01025,0.063575506
2009-06-24,XLY,0.005853,0.050286673
2009-06-25,XLY,0.034915,0.024053443
2009-06-26,XLY,-0.00692,0.03892962
2009-06-29,XLY,0.012631,0.027081685
2009-06-30,XLY,-0.007312,0.060944185
2009-07-01,XLY,0.006499,0.053760707
2009-07-02,XLY,-0.040465,0.04496405
2009-07-03,XLY,0.0,-0.020881591
2009-07-06,XLY,0.004935,0.03136844
2009-07-07,XLY,-0.026786,0.048691146
2009-07-08,XLY,0.008303,0.043010402
2009-07-09,XLY,0.007233,0.042551387
2009-07-10,XLY,-0.001807,-0.030715872
2009-07-13,XLY,0.01629,-0.025571497
2009-07-14,XLY,0.015583,0.04273484
2009-07-15,XLY,0.02762,-0.009441018
2009-07-16,XLY,0.012372,0.04910681
2009-07-17,XLY,0.001686,0.06855374
2009-07-20,XLY,0.021035,0.07316256
2009-07-21,XLY,0.0,0.063043036
2009-07-22,XLY,0.007005,0.026450297
2009-07-23,XLY,0.023322,0.06254731
2009-07-24,XLY,-0.0008,0.0483574
2009-07-27,XLY,0.004002,0.06889179
2009-07-28,XLY,-0.003189,-0.007846536
2009-07-29,XLY,-0.005198,0.068075985
2009-07-30,XLY,0.015675,0.054226834
2009-07-31,XLY,0.0,-0.0059036044
2009-08-03,XLY,0.020578,0.057626404
2009-08-04,XLY,0.004265,-0.011569193
2009-08-05,XLY,-0.008494,0.02679002
2009-08-06,XLY,-0.000779,0.06323407
2009-08-07,XLY,0.032736,0.06762339
2009-08-10,XLY,-0.009057,0.047299296
2009-08-11,XLY,-0.010663,0.05121271
2009-08-12,XLY,0.007313,0.049436636
2009-08-13,XLY,0.002675,0.06796086
2009-08-14,XLY,-0.01372,0.059577115
2009-08-17,XLY,-0.031685,0.06477497
2009-08-18,XLY,0.011173,0.03530943
2009-08-19,XLY,0.01026,-0.03916658
2009-08-20,XLY,0.007422,0.06821719
2009-08-21,XLY,0.020551,0.05105992
2009-08-24,XLY,-0.007219,0.050585143
2009-08-25,XLY,0.010333,-0.02976959
2009-08-26,XLY,0.005682,-0.017240036
2009-08-27,XLY,0.001883,-0.010487515
2009-08-28,XLY,0.000376,-0.014207164
2009-08-31,XLY,-0.016911,0.018362794
2009-09-01,XLY,-0.017966,-0.026993116
2009-09-02,XLY,-0.00506,0.06788836
2009-09-03,XLY,0.010563,-0.0141688865
2009-09-04,XLY,0.018196,0.04909113
2009-09-07,XLY,0.0,0.049288716
2009-09-08,XLY,0.008745,0.053080797
2009-09-09,XLY,0.010554,0.064681694
2009-09-10,XLY,0.013428,-0.016228424
2009-09-11,XLY,-0.003312,0.056309108
2009-09-14,XLY,0.003323,-0.013865681
2009-09-15,XLY,0.004785,0.046900045
2009-09-16,XLY,0.019048,0.059731554
2009-09-17,XLY,-0.001078,0.026298573
2009-09-18,XLY,0.003608,0.051485505
2009-09-21,XLY,-0.003957,0.03701418
2009-09-22,XLY,0.003973,-0.01137577
2009-09-23,XLY,-0.014388,0.012004169
2009-09-24,XLY,-0.009489,0.053353254
2009-09-25,XLY,-0.005895,-0.009591667
2009-09-28,XLY,0.018903,0.06730003
2009-09-29,XLY,0.004729,0.067286514
2009-09-30,XLY,-0.005431,0.042843588
2009-10-01,XLY,-0.021842,0.03615837
2009-10-02,XLY,-0.012654,0.036482424
2009-10-05,XLY,0.015454,0.03467943
2009-10-06,XLY,0.015219,-0.0315452
2009-10-07,XLY,0.000731,0.059972875
2009-10-08,XLY,0.016076,0.03568937
2009-10-09,XLY,-0.00036,-0.047626633
2009-10-12,XLY,0.005036,0.046645235
2009-10-13,XLY,0.00179,-0.0031716537
2009-10-14,XLY,0.012504,0.079374716
2009-10-15,XLY,0.001411,0.006893502
2009-10-16,XLY,-0.001762,0.05455628
2009-10-19,XLY,0.011295,0.02562093
2009-10-20,XLY,-0.010122,0.046046827
2009-10-21,XLY,-0.013047,0.063483
2009-10-22,XLY,0.013219,-0.0136180045
2009-10-23,XLY,-0.003879,-0.05429724
2009-10-26,XLY,-0.006018,0.0018368245
2009-10-27,XLY,-0.017094,0.07215394
2009-10-28,XLY,-0.028261,-0.008724081
2009-10-29,XLY,0.026846,-0.017066304
2009-10-30,XLY,-0.026144,0.0672973
2009-11-02,XLY,0.009694,0.08014723
2009-11-03,XLY,0.000739,0.058722474
2009-11-04,XLY,0.000369,0.05162932
2009-11-05,XLY,0.027296,0.034069084
2009-11-06,XLY,0.008977,0.07815631
2009-11-09,XLY,0.021708,0.01201219
2009-11-10,XLY,0.003483,0.06070073
2009-11-11,XLY,0.001041,0.05731674
2009-11-12,XLY,-0.011096,0.0110802995
2009-11-13,XLY,0.017532,0.0457632
2009-11-16,XLY,0.016196,0.03769782
2009-11-17,XLY,-0.008138,0.037266865
2009-11-18,XLY,-0.002735,0.028457923
2009-11-19,XLY,-0.011313,0.037800085
2009-11-20,XLY,-0.005201,-0.031792246
2009-11-23,XLY,0.008714,0.033443406
2009-11-24,XLY,-0.001037,0.042905536
2009-11-25,XLY,0.009685,-0.01563759
2009-11-26,XLY,0.0,0.037139896
2009-11-27,XLY,-0.019527,-0.053857777
2009-11-30,XLY,0.0,0.05109202
2009-12-01,XLY,0.015723,0.012001975
2009-12-02,XLY,0.003096,0.014871934
2009-12-03,XLY,-0.006859,-0.025149712
2009-12-04,XLY,0.006561,0.02775157
2009-12-07,XLY,0.003087,0.02380786
2009-12-08,XLY,-0.007524,0.040155888
2009-12-09,XLY,0.0,0.015038826
2009-12-10,XLY,0.015507,0.030716602
2009-12-11,XLY,0.009841,-0.013778727
2009-12-14,XLY,0.007728,0.03185819
2009-12-15,XLY,-0.001334,-0.016405635
2009-12-16,XLY,0.001002,0.025105443
2009-12-17,XLY,-0.012008,0.07094697
2009-12-18,XLY,0.005089,0.03882789
2009-12-21,XLY,0.012833,0.0038179436
2009-12-22,XLY,-0.000667,0.027031288
2009-12-23,XLY,0.00634,-0.016644478
2009-12-24,XLY,0.000663,0.03805723
2009-12-25,XLY,0.0,0.020734366
2009-12-28,XLY,-0.000663,0.03140693
2009-12-29,XLY,0.003316,-0.0055685453
2009-12-30,XLY,-0.00694,0.051968176
2009-12-31,XLY,-0.009318,0.0258419
2009-01-01,XLP,0.0,0.028499952
2009-01-02,XLP,0.014244,-0.022046631
2009-01-05,XLP,0.004131,-0.037583325
2009-01-06,XLP,-0.014809,-0.04595804
2009-01-07,XLP,-0.010021,0.044669047
2009-01-08,XLP,-0.013075,-0.071205534
2009-01-09,XLP,-0.017094,-0.027214022
2009-01-12,XLP,0.000435,0.028726157
2009-01-13,XLP,0.006084,-0.063948974
2009-01-14,XLP,-0.02203,0.07194445
2009-01-15,XLP,0.004417,-0.058716886
2009-01-16,XLP,0.009235,-0.040350907
2009-01-19,XLP,0.0,0.05430514
2009-01-20,XLP,-0.011765,-0.057608303
2009-01-21,XLP,0.00485,0.052474864
2009-01-22,XLP,-0.000878,0.042830773
2009-01-23,XLP,-0.009662,-0.014300847
2009-01-26,XLP,0.006652,0.03767521
2009-01-27,XLP,0.005286,-0.040531285
2009-01-28,XLP,0.010079,0.03601217
2009-01-29,XLP,-0.008677,-0.022947542
2009-01-30,XLP,-0.030635,-0.047462076
2009-02-02,XLP,-0.008578,0.022903433
2009-02-03,XLP,0.021858,0.03990807
2009-02-04,XLP,-0.027184,0.044719294
2009-02-05,XLP,0.014201,0.03991164
2009-02-06,XLP,0.017164,-0.06285947
2009-02-09,XLP,-0.009769,0.040628057
2009-02-10,XLP,-0.032287,0.0214424
2009-02-11,XLP,0.005561,-0.042625308
2009-02-12,XLP,0.009217,-0.034237094
2009-02-13,XLP,-0.015525,0.031633653
2009-02-16,XLP,0.0,0.049907066
2009-02-17,XLP,-0.014471,0.03441357
2009-02-18,XLP,0.005271,0.017221186
2009-02-19,XLP,0.01264,-0.04507246
2009-02-20,XLP,-0.015257,0.027594741
2009-02-23,XLP,-0.025822,-0.0749595
2009-02-24,XLP,0.019277,0.026950138
2009-02-25,XLP,-0.009456,-0.02905386
2009-02-26,XLP,-0.022091,-0.05316715
2009-02-27,XLP,-0.006209,-0.05924317
2009-03-02,XLP,-0.019155,-0.069032826
2009-03-03,XLP,-0.012018,0.015317755
2009-03-04,XLP,0.01926,-0.047326572
2009-03-05,XLP,-0.022874,-0.061824266
2009-03-06,XLP,0.003053,-0.039732803
2009-03-09,XLP,-0.015221,0.0321432
2009-03-10,XLP,0.018547,-0.052344702
2009-03-11,XLP,-0.001012,-0.067438714
2009-03-12,XLP,0.025823,-0.062333208
2009-03-13,XLP,0.014807,-0.045428753
2009-03-16,XLP,0.015564,-0.061573815
2009-03-17,XLP,0.018678,-0.037680537
2009-03-18,XLP,-0.005172,-0.0434441
2009-03-19,XLP,-0.01276,0.0216769
2009-03-20,XLP,-0.009439,-0.061167598
2009-03-23,XLP,0.043753,-0.041752264
2009-03-24,XLP,-0.004658,-0.033199146
2009-03-25,XLP,0.009827,0.027856126
2009-03-26,XLP,0.011121,0.016143383
2009-03-27,XLP,-0.009624,-0.06621254
2009-03-30,XLP,-0.021749,-0.050090387
2009-03-31,XLP,-0.001892,-0.032741107
2009-04-01,XLP,0.017062,0.052017484
2009-04-02,XLP,0.020969,-0.046080556
2009-04-03,XLP,-0.004108,-0.0422338
2009-04-06,XLP,0.00275,0.0072977687
2009-04-07,XLP,-0.018282,-0.043306757
2009-04-08,XLP,0.00838,-0.07981691
2009-04-09,XLP,0.000462,-0.07297416
2009-04-10,XLP,0.0,0.014168816
2009-04-13,XLP,-0.002769,0.028458608
2009-04-14,XLP,-0.013883,-0.07512105
2009-04-15,XLP,0.017832,0.01547861
2009-04-16,XLP,0.01337,-0.06406203
2009-04-17,XLP,0.005005,0.034215733
2009-04-20,XLP,-0.019466,-0.054525882
2009-04-21,XLP,0.010157,-0.037287235
2009-04-22,XLP,-0.013254,-0.056339864
2009-04-23,XLP,0.0,-0.057334665
2009-04-24,XLP,-0.004169,0.019354004
2009-04-27,XLP,0.006046,0.03156667
2009-04-28,XLP,0.004623,-0.020446302
2009-04-29,XLP,0.016567,0.04122115
2009-04-30,XLP,-0.004074,0.011968201
2009-05-01,XLP,0.004091,-0.04241955
2009-05-04,XLP,0.015392,0.039608374
2009-05-05,XLP,-0.008471,0.046559736
2009-05-06,XLP,0.006295,0.014143028
2009-05-07,XLP,0.004021,0.039996356
2009-05-08,XLP,0.012906,-0.065261625
2009-05-11,XLP,-0.004833,0.06377504
2009-05-12,XLP,0.011921,-0.04663142
2009-05-13,XLP,-0.018325,0.03412385
2009-05-14,XLP,0.003556,0.06708866
2009-05-15,XLP,-0.0093,-0.048308674
2009-05-18,XLP,0.02101,-0.032032423
2009-05-19,XLP,0.005692,-0.04250599
2009-05-20,XLP,0.001306,0.046178557
2009-05-21,XLP,-0.00913,0.054697894
2009-05-22,XLP,0.006143,-0.03584879
2009-05-25,XLP,0.0,-0.028926142
2009-05-26,XLP,0.012647,0.053344212
2009-05-27,XLP,-0.025409,-0.019608019
2009-05-28,XLP,0.010605,-0.048020843
2009-05-29,XLP,0.010931,0.04198062
2009-06-01,XLP,0.019896,-0.056320887
2009-06-02,XLP,0.010178,0.06342471
2009-06-03,XLP,-0.005038,0.040192183
2009-06-04,XLP,0.001688,0.063672915
2009-06-05,XLP,-0.005055,-0.025284275
2009-06-08,XLP,0.00381,0.045442674
2009-06-09,XLP,-0.008857,0.029392013
2009-06-10,XLP,-0.011064,-0.021621114
2009-06-11,XLP,0.004303,0.09324391
2009-06-12,XLP,0.007712,0.0379631
2009-06-15,XLP,-0.024235,0.034898072
2009-06-16,XLP,-0.013072,0.03823891
2009-06-17,XLP,0.010155,0.040589828
2009-06-18,XLP,0.018357,0.012547893
2009-06-19,XLP,-0.009999,0.07749991
2009-06-22,XLP,-0.003932,-0.031702872
2009-06-23,XLP,-0.00614,-0.015197338
2009-06-24,XLP,0.002648,0.042562112
2009-06-25,XLP,0.017166,0.03735907
2009-06-26,XLP,-0.003462,-0.026835239
2009-06-29,XLP,0.006079,0.04540107
2009-06-30,XLP,-0.007769,-0.05575821
2009-07-01,XLP,0.016964,0.04292919
2009-07-02,XLP,-0.020958,-0.043815147
2009-07-03,XLP,0.0,0.07104606
2009-07-06,XLP,0.020533,0.054513507
2009-07-07,XLP,-0.012414,-0.033942148
2009-07-08,XLP,0.004335,-0.04696892
2009-07-09,XLP,-0.007337,-0.034856837
2009-07-10,XLP,-0.004783,0.058896706
2009-07-13,XLP,0.017912,0.07112889
2009-07-14,XLP,0.003004,0.04594787
2009-07-15,XLP,0.01626,0.040192418
2009-07-16,XLP,0.006737,-0.04526987
2009-07-17,XLP,0.000836,-0.019511279
2009-07-20,XLP,0.002925,-0.05434035
2009-07-21,XLP,-0.00125,-0.04623237
2009-07-22,XLP,0.000417,0.010911137
2009-07-23,XLP,0.013761,-0.023796702
2009-07-24,XLP,0.00905,0.05158072
2009-07-27,XLP,-0.003669,-0.021659328
2009-07-28,XLP,0.001227,0.05783331
2009-07-29,XLP,0.005313,-0.05579157
2009-07-30,XLP,-0.00122,-0.046511542
2009-07-31,XLP,-0.002035,0.061740585
2009-08-03,XLP,0.001223,-0.048124705
2009-08-04,XLP,0.001629,0.04346039
2009-08-05,XLP,-0.006507,0.04897679
2009-08-06,XLP,-0.010233,-0.06838425
2009-08-07,XLP,0.004136,-0.03812163
2009-08-10,XLP,0.000824,-0.034014903
2009-08-11,XLP,0.0,0.010185984
2009-08-12,XLP,-0.000411,0.029973539
2009-08-13,XLP,0.005764,-0.038392574
2009-08-14,XLP,-0.001228,-0.065881364
2009-08-17,XLP,-0.010246,-0.055236083
2009-08-18,XLP,0.001656,0.05277145
2009-08-19,XLP,0.006614,0.06831985
2009-08-20,XLP,0.004928,-0.083707705
2009-08-21,XLP,0.011034,-0.06019597
2009-08-24,XLP,0.000404,-0.03989331
2009-08-25,XLP,0.001616,0.04875586
2009-08-26,XLP,0.003227,0.035833556
2009-08-27,XLP,0.0,-0.051155277
2009-08-28,XLP,-0.004021,0.011986044
2009-08-31,XLP,0.002019,0.044441637
2009-09-01,XLP,-0.009267,0.038072295
2009-09-02,XLP,0.000813,-0.046108413
2009-09-03,XLP,0.002032,0.06621263
2009-09-04,XLP,0.007299,-0.03735367
2009-09-07,XLP,0.0,-0.04517469
2009-09-08,XLP,0.008454,-0.034910806
2009-09-09,XLP,-0.000399,-0.037370022
2009-09-10,XLP,0.007188,0.034734715
2009-09-11,XLP,0.004362,-0.07065851
2009-09-14,XLP,-0.002369,0.04447996
2009-09-15,XLP,-0.005144,-0.04577347
2009-09-16,XLP,0.007955,-0.06283237
2009-09-17,XLP,-0.003552,0.023021737
2009-09-18,XLP,0.013015,-0.034446288
2009-09-21,XLP,-0.00315,0.04787783
2009-09-22,XLP,0.001975,-0.04861219
2009-09-23,XLP,0.0,0.032120116
2009-09-24,XLP,-0.005124,-0.016755335
2009-09-25,XLP,0.0,0.05361103
2009-09-28,XLP,0.001981,-0.07151918
2009-09-29,XLP,0.004745,-0.04539391
2009-09-30,XLP,0.001968,0.035473153
2009-10-01,XLP,-0.009034,-0.03877373
2009-10-02,XLP,0.003171,0.010042065
2009-10-05,XLP,0.002371,-0.035082337
2009-10-06,XLP,0.009066,-0.04993315
2009-10-07,XLP,0.004297,-0.020260457
2009-10-08,XLP,0.005834,0.029813765
2009-10-09,XLP,0.00232,0.04336752
2009-10-12,XLP,0.004244,0.044143364
2009-10-13,XLP,-0.003458,0.061034434
2009-10-14,XLP,0.00347,-0.068628535
2009-10-15,XLP,0.007683,-0.04229467
2009-10-16,XLP,0.005337,0.045669693
2009-10-19,XLP,0.005688,-0.088500686
2009-10-20,XLP,-0.001131,0.03422543
2009-10-21,XLP,-0.007739,-0.017396208
2009-10-22,XLP,0.001712,0.07039242
2009-10-23,XLP,-0.009875,0.043495394
2009-10-26,XLP,-0.007672,0.07642749
2009-10-27,XLP,0.000773,0.03127444
2009-10-28,XLP,-0.002704,-0.09820381
2009-10-29,XLP,0.016266,-0.053007994
2009-10-30,XLP,-0.015625,-0.0399567
2009-11-02,XLP,0.009679,-0.038413137
2009-11-03,XLP,-0.006518,-0.05456356
2009-11-04,XLP,0.00386,-0.03608286
2009-11-05,XLP,0.004614,-0.06333501
2009-11-06,XLP,0.002679,0.05259303
2009-11-09,XLP,0.016412,-0.042855266
2009-11-10,XLP,-0.000375,-0.018798625
2009-11-11,XLP,0.003005,-0.013460599
2009-11-12,XLP,-0.005993,-0.06133959
2009-11-13,XLP,0.006782,-0.07686892
2009-11-16,XLP,0.005614,0.016237402
2009-11-17,XLP,0.004838,0.02038237
2009-11-18,XLP,-0.000741,0.043219708
2009-11-19,XLP,-0.004818,-0.050117236
2009-11-20,XLP,0.00149,-0.057822075
2009-11-23,XLP,0.008553,0.031809073
2009-11-24,XLP,0.002212,0.054542847
2009-11-25,XLP,-0.00184,0.020861512
2009-11-26,XLP,0.0,0.050415184
2009-11-27,XLP,-0.009215,0.049928114
2009-11-30,XLP,-0.00372,0.045999058
2009-12-01,XLP,0.013816,0.020659054
2009-12-02,XLP,-0.001105,-0.037704118
2009-12-03,XLP,-0.007743,-0.04965805
2009-12-04,XLP,0.005203,-0.07424863
2009-12-07,XLP,-0.001109,-0.05743216
2009-12-08,XLP,-0.011473,0.052371882
2009-12-09,XLP,0.001872,-0.032841273
2009-12-10,XLP,0.003363,0.028339196
2009-12-11,XLP,0.005587,-0.039301258
2009-12-14,XLP,0.003704,-0.026906502
2009-12-15,XLP,-0.004059,-0.042577628
2009-12-16,XLP,-0.004817,0.018842977
2009-12-17,XLP,-0.011914,-0.0037648086
2009-12-18,XLP,-0.001935,0.03979695
2009-12-21,XLP,0.005335,-0.061870754
2009-12-22,XLP,0.006823,-0.027865466
2009-12-23,XLP,0.000753,-0.052587826
2009-12-24,XLP,0.003762,0.037767414
2009-12-25,XLP,0.0,0.04401002
2009-12-28,XLP,0.001874,0.027605684
2009-12-29,XLP,0.001871,-0.0404572
2009-12-30,XLP,-0.001867,0.021105982
2009-12-31,XLP,-0.009727,0.029960923
2009-01-01,XLE,0.0,0.031761676
2009-01-02,XLE,0.049822,0.026281
2009-01-05,XLE,0.023529,0.028203454
2009-01-06,XLE,0.01091,0.06736586
2009-01-07,XLE,-0.042397,0.016567478
2009-01-08,XLE,0.01288,0.059808746
2009-01-09,XLE,-0.033578,0.018653685
2009-01-12,XLE,-0.039474,0.07216872
2009-01-13,XLE,0.025043,0.063081644
2009-01-14,XLE,-0.047818,0.06640491
2009-01-15,XLE,0.0125,0.04176162
2009-01-16,XLE,0.008014,0.02472804
2009-01-19,XLE,0.0,0.042820513
2009-01-20,XLE,-0.053287,0.020431792
2009-01-21,XLE,0.067181,0.056644186
2009-01-22,XLE,-0.027435,0.030775106
2009-01-23,XLE,0.029084,0.060706414
2009-01-26,XLE,0.018487,0.027876513
2009-01-27,XLE,0.001669,0.06700666
2009-01-28,XLE,0.027286,0.045933593
2009-01-29,XLE,-0.03528,0.030128304
2009-01-30,XLE,-0.013871,0.043892674
2009-02-02,XLE,-0.015985,0.08373938
2009-02-03,XLE,0.017327,0.06483712
2009-02-04,XLE,0.009368,0.03114835
2009-02-05,XLE,0.024467,0.06958157
2009-02-06,XLE,0.01853,-0.0175296
2009-02-09,XLE,0.003639,0.07459216
2009-02-10,XLE,-0.046526,0.0625179
2009-02-11,XLE,-0.011407,0.034928817
2009-02-12,XLE,0.001709,0.052390326
2009-02-13,XLE,0.002346,0.08976376
2009-02-16,XLE,0.0,0.08517871
2009-02-17,XLE,-0.069164,0.05659576
2009-02-18,XLE,-0.005716,0.05563447
2009-02-19,XLE,0.00023,0.03484733
2009-02-20,XLE,-0.025747,0.0826575
2009-02-23,XLE,-0.04672,0.054827586
2009-02-24,XLE,0.04703,0.083401605
2009-02-25,XLE,-0.00591,0.07293261
2009-02-26,XLE,0.002378,0.034693334
2009-02-27,XLE,-0.024104,0.029536363
2009-03-02,XLE,-0.073273,0.071513064
2009-03-03,XLE,0.004984,0.08386029
2009-03-04,XLE,0.047768,0.07254346
2009-03-05,XLE,-0.044096,0.055017732
2009-03-06,XLE,0.010946,0.081029415
2009-03-09,XLE,0.001805,0.07889891
2009-03-10,XLE,0.050695,0.052410495
2009-03-11,XLE,-0.004164,-0.00045817753
2009-03-12,XLE,0.030005,0.051396027
2009-03-13,XLE,-0.009074,0.08494869
2009-03-16,XLE,0.012771,0.07062814
2009-03-17,XLE,0.034499,0.0711917
2009-03-18,XLE,0.01012,0.060823206
2009-03-19,XLE,0.024135,0.074702896
2009-03-20,XLE,-0.038911,0.054603193
2009-03-23,XLE,0.082326,0.07884632
2009-03-24,XLE,-0.018908,0.07457713
2009-03-25,XLE,-0.004818,0.08979791
2009-03-26,XLE,0.008583,0.08098151
2009-03-27,XLE,-0.029675,0.07014101
2009-03-30,XLE,-0.037014,0.078265876
2009-03-31,XLE,-0.0085,0.07407859
2009-04-01,XLE,0.021196,0.072877325
2009-04-02,XLE,0.041052,0.057776924
2009-04-03,XLE,0.019495,0.021507647
2009-04-06,XLE,-0.020209,0.06892939
2009-04-07,XLE,-0.02994,0.028670367
2009-04-08,XLE,0.012803,0.059551846
2009-04-09,XLE,0.029345,0.058848288
2009-04-10,XLE,0.0,-0.007227513
2009-04-13,XLE,-0.010965,0.07566057
2009-04-14,XLE,-0.002661,0.06773324
2009-04-15,XLE,0.001334,0.034308456
2009-04-16,XLE,0.004663,0.051465187
2009-04-17,XLE,0.011713,0.07047673
2009-04-20,XLE,-0.048493,-0.009464541
2009-04-21,XLE,0.019743,0.071904235
2009-04-22,XLE,-0.010581,0.05150784
2009-04-23,XLE,0.018658,0.06942435
2009-04-24,XLE,0.029037,0.0837319
2009-04-27,XLE,-0.018884,0.06533972
2009-04-28,XLE,0.002212,0.07020227
2009-04-29,XLE,0.027594,0.07222865
2009-04-30,XLE,-0.016541,0.07497657
2009-05-01,XLE,0.032329,0.0245322
2009-05-04,XLE,0.039992,0.038550325
2009-05-05,XLE,-0.013428,0.057632156
2009-05-06,XLE,0.038771,0.06314701
2009-05-07,XLE,-0.012904,0.071174026
2009-05-08,XLE,0.042639,-0.011266996
2009-05-11,XLE,-0.030478,0.059453096
2009-05-12,XLE,0.006407,0.02010482
2009-05-13,XLE,-0.033055,0.048861347
2009-05-14,XLE,0.002862,-0.0018688535
2009-05-15,XLE,-0.021407,-0.0070684487
2009-05-18,XLE,0.034583,0.074900545
2009-05-19,XLE,0.004833,0.023058087
2009-05-20,XLE,0.003407,0.07648874
2009-05-21,XLE,-0.029559,0.044692796
2009-05-22,XLE,0.000412,0.07488404
2009-05-25,XLE,0.0,0.06926631
2009-05-26,XLE,0.021189,0.051176753
2009-05-27,XLE,-0.010878,0.0759774
2009-05-28,XLE,0.033198,-0.008111176
2009-05-29,XLE,0.018727,0.06865372
2009-06-01,XLE,0.036765,0.07055187
2009-06-02,XLE,-0.002688,0.06162515
2009-06-03,XLE,-0.038476,0.07593212
2009-06-04,XLE,0.022577,0.055644512
2009-06-05,XLE,-0.008184,0.0466871
2009-06-08,XLE,-0.002303,0.07128715
2009-06-09,XLE,0.00981,-0.01318686
2009-06-10,XLE,0.008952,0.07094423
2009-06-11,XLE,0.020011,0.061936256
2009-06-12,XLE,-0.009624,0.052418724
2009-06-15,XLE,-0.026537,0.06670838
2009-06-16,XLE,-0.021309,-0.010539723
2009-06-17,XLE,-0.016281,0.05920612
2009-06-18,XLE,-0.003789,0.068733275
2009-06-19,XLE,-0.009936,0.04923221
2009-06-22,XLE,-0.04999,-0.03197999
2009-06-23,XLE,0.005989,0.07594393
2009-06-24,XLE,0.00404,0.061359443
2009-06-25,XLE,0.020966,-0.019455798
2009-06-26,XLE,-0.006638,0.050186418
2009-06-29,XLE,0.009397,0.055290736
2009-06-30,XLE,-0.005999,0.035686363
2009-07-01,XLE,0.000832,0.05873628
2009-07-02,XLE,-0.040133,0.01541367
2009-07-03,XLE,0.0,0.055776168
2009-07-06,XLE,-0.010182,0.05876479
2009-07-07,XLE,-0.025607,0.014000118
2009-07-08,XLE,0.000225,0.017084502
2009-07-09,XLE,0.01033,0.07210309
2009-07-10,XLE,-0.007113,0.03973829
2009-07-13,XLE,0.015223,0.051224
2009-07-14,XLE,0.013451,0.064867
2009-07-15,XLE,0.035466,0.058464695
2009-07-16,XLE,0.012187,-0.019945743
2009-07-17,XLE,0.005813,0.0439667
2009-07-20,XLE,0.017131,0.040327642
2009-07-21,XLE,0.008726,0.06767891
2009-07-22,XLE,-0.009053,-0.02802667
2009-07-23,XLE,0.028421,0.044582337
2009-07-24,XLE,0.010462,0.051110268
2009-07-27,XLE,0.003321,0.05550868
2009-07-28,XLE,-0.014603,0.055448327
2009-07-29,XLE,-0.023118,0.032158885
2009-07-30,XLE,0.013956,0.011093329
2009-07-31,XLE,0.009775,0.07010474
2009-08-03,XLE,0.025682,0.010767859
2009-08-04,XLE,-0.001733,0.017975144
2009-08-05,XLE,-0.010033,0.03601735
2009-08-06,XLE,-0.008186,-0.03182756
2009-08-07,XLE,-0.001179,0.042595234
2009-08-10,XLE,0.004328,0.05194161
2009-08-11,XLE,-0.014496,0.05106943
2009-08-12,XLE,0.010733,0.073349684
2009-08-13,XLE,0.012193,0.019208608
2009-08-14,XLE,-0.014766,-0.04162497
2009-08-17,XLE,-0.032341,0.032038417
2009-08-18,XLE,0.009986,-0.01942438
2009-08-19,XLE,0.018563,-0.01755635
2009-08-20,XLE,0.008518,-0.010612954
2009-08-21,XLE,0.028285,-0.04622083
2009-08-24,XLE,0.012799,0.06593078
2009-08-25,XLE,-0.015277,-0.026746742
2009-08-26,XLE,0.004597,0.06264359
2009-08-27,XLE,-0.003051,-0.034370877
2009-08-28,XLE,-0.002104,-0.049003158
2009-08-31,XLE,-0.019356,0.019655077
2009-09-01,XLE,-0.017393,0.020017741
2009-09-02,XLE,-0.007359,-0.034582593
2009-09-03,XLE,0.007013,-0.033821356
2009-09-04,XLE,0.013928,0.037291847
2009-09-07,XLE,0.0,0.039145242
2009-09-08,XLE,0.027473,-0.047723763
2009-09-09,XLE,0.002292,-0.07008726
2009-09-10,XLE,0.01734,-0.026484873
2009-09-11,XLE,0.003933,-0.02160076
2009-09-14,XLE,0.007463,0.070153475
2009-09-15,XLE,0.01,0.024400936
2009-09-16,XLE,0.024752,0.028054843
2009-09-17,XLE,-0.004831,0.048634127
2009-09-18,XLE,-0.003483,0.036286358
2009-09-21,XLE,-0.008518,0.033559285
2009-09-22,XLE,0.015719,-0.038451713
2009-09-23,XLE,-0.020875,0.049858715
2009-09-24,XLE,-0.014336,0.012083824
2009-09-25,XLE,-0.001305,-0.034763224
2009-09-28,XLE,0.016057,-0.0053817485
2009-09-29,XLE,-0.002756,-0.03862068
2009-09-30,XLE,-0.006449,0.03624434
2009-10-01,XLE,-0.031157,-0.05334565
2009-10-02,XLE,-0.005168,0.0126744155
2009-10-05,XLE,0.022128,-0.05382114
2009-10-06,XLE,0.02372,0.041389212
2009-10-07,XLE,0.007723,0.05623466
2009-10-08,XLE,0.02573,0.036557462
2009-10-09,XLE,-0.00089,0.0035697874
2009-10-12,XLE,0.013533,-0.033661857
2009-10-13,XLE,0.001581,0.030403668
2009-10-14,XLE,0.016664,-0.015322339
2009-10-15,XLE,0.020876,-0.060650226
2009-10-16,XLE,-0.003042,0.0526795
2009-10-19,XLE,0.013053,-0.06776449
2009-10-20,XLE,-0.006359,0.06504277
2009-10-21,XLE,-0.002695,-0.00873116
2009-10-22,XLE,0.003884,-0.0056951893
2009-10-23,XLE,-0.019344,-0.043598622
2009-10-26,XLE,-0.016467,0.029351072
2009-10-27,XLE,0.008894,0.055888508
2009-10-28,XLE,-0.033016,-0.0019416921
2009-10-29,XLE,0.026636,-0.059496906
2009-10-30,XLE,-0.037959,0.032987088
2009-11-02,XLE,0.006335,-0.025092054
2009-11-03,XLE,0.01295,-0.01792337
2009-11-04,XLE,-0.000888,-0.051618125
2009-11-05,XLE,0.017061,-0.064244315
2009-11-06,XLE,-0.002621,0.04075253
2009-11-09,XLE,0.019096,-0.054630116
2009-11-10,XLE,0.000688,0.018445414
2009-11-11,XLE,-0.000344,-0.012335345
2009-11-12,XLE,-0.021997,-0.041613422
2009-11-13,XLE,0.006326,-0.05772672
2009-11-16,XLE,0.026192,-0.06314291
2009-11-17,XLE,-0.001702,-0.055509165
2009-11-18,XLE,-0.00392,0.033133086
2009-11-19,XLE,-0.022416,-0.052399505
2009-11-20,XLE,-0.009277,-0.056388486
2009-11-23,XLE,0.012898,0.022537405
2009-11-24,XLE,0.005756,0.020475836
2009-11-25,XLE,0.007804,-0.040198177
2009-11-26,XLE,0.0,0.046687588
2009-11-27,XLE,-0.018758,-0.010478046
2009-11-30,XLE,-0.003508,0.023524825
2009-12-01,XLE,0.0132,-0.068892114
2009-12-02,XLE,-0.005906,-0.04537169
2009-12-03,XLE,-0.016075,-0.059593275
2009-12-04,XLE,-0.007281,-0.056190703
2009-12-07,XLE,-0.002326,-0.057275686
2009-12-08,XLE,-0.017034,0.029584533
2009-12-09,XLE,0.0,-0.04503763
2009-12-10,XLE,0.012404,0.035084166
2009-12-11,XLE,0.000541,-0.05048223
2009-12-14,XLE,0.010265,-0.05473194
2009-12-15,XLE,0.003209,-0.068643704
2009-12-16,XLE,0.006397,-0.042600594
2009-12-17,XLE,-0.008475,-0.003780768
2009-12-18,XLE,0.005243,0.018838802
2009-12-21,XLE,0.011932,-0.0645468
2009-12-22,XLE,0.004752,-0.046238158
2009-12-23,XLE,0.007882,-0.06391189
2009-12-24,XLE,0.004692,0.035670456
2009-12-25,XLE,0.0,0.037278697
2009-12-28,XLE,0.00173,0.026941268
2009-12-29,XLE,-0.006562,-0.063324764
2009-12-30,XLE,-0.001043,0.0045303996
2009-12-31,XLE,-0.008004,0.03168101
2009-01-01,VIX,0.0,-0.0074287434
2009-01-02,VIX,-0.020457841,-0.006216987
2009-01-05,VIX,-0.002810785,0.0014107658
2009-01-06,VIX,-0.013395358,-0.0069503114
2009-01-07,VIX,0.11801353,-0.006070762
2009-01-08,VIX,-0.019314155,-0.004835495
2009-01-09,VIX,0.006090438,-0.0057018064
2009-01-12,VIX,0.06815179,-0.011461233
2009-01-13,VIX,-0.05769752,-0.0085579045
2009-01-14,VIX,0.1272138,-0.011521151
2009-01-15,VIX,0.037152264,-0.0058308705
2009-01-16,VIX,-0.10079578,-0.004963862
2009-01-19,VIX,0.0,-0.00012481329
2009-01-20,VIX,0.20586213,0.00957129
2009-01-21,VIX,-0.19916159,-0.0067616277
2009-01-22,VIX,0.018568456,-0.0034872664
2009-01-23,VIX,-0.00042301186,-0.010027329
2009-01-26,VIX,-0.03399639,-0.009829219
2009-01-27,VIX,-0.0782751,-0.00786267
2009-01-28,VIX,-0.06326123,-0.006792112
2009-01-29,VIX,0.07221511,-0.0065207756
2009-01-30,VIX,0.050542366,-0.003553164
2009-02-02,VIX,0.015051192,-0.009679768
2009-02-03,VIX,-0.0555573,-0.008764524
2009-02-04,VIX,0.018180227,-0.0066151423
2009-02-05,VIX,-0.0027403533,-0.0077350684
2009-02-06,VIX,-0.008266408,-0.0035563656
2009-02-09,VIX,0.0062062033,-0.0040286398
2009-02-10,VIX,0.0671274,-0.006144832
2009-02-11,VIX,-0.04693844,-0.0062492434
2009-02-12,VIX,-0.07651201,-0.006330763
2009-02-13,VIX,0.03991977,-0.0047513293
2009-02-16,VIX,0.0,-0.00044584766
2009-02-17,VIX,0.12528646,-0.005593315
2009-02-18,VIX,-0.004118622,0.00049094786
2009-02-19,VIX,-0.028890433,-0.00068539684
2009-02-20,VIX,0.0460758,-0.0053056045
2009-02-23,VIX,0.065172195,-0.0042674686
2009-02-24,VIX,-0.14560376,-0.0081482595
2009-02-25,VIX,-0.018190386,-0.00883873
2009-02-26,VIX,-0.00022388896,-0.0027926834
2009-02-27,VIX,0.037143044,-0.0030313304
2009-03-02,VIX,0.12744495,-0.0053051226
2009-03-03,VIX,-0.033214096,-0.010316057
2009-03-04,VIX,-0.06846007,-0.0073550595
2009-03-05,VIX,0.053425167,-0.010221687
2009-03-06,VIX,-0.016884822,-0.013573326
2009-03-09,VIX,0.007070022,-0.0073078424
2009-03-10,VIX,-0.113038875,-0.00540506
2009-03-11,VIX,-0.017277084,-0.0135305645
2009-03-12,VIX,-0.05733378,-0.0056267474
2009-03-13,VIX,0.02825182,-0.011666197
2009-03-16,VIX,0.032058496,-0.007189776
2009-03-17,VIX,-0.069580935,-0.0100992415
2009-03-18,VIX,-0.018303752,-0.0064182742
2009-03-19,VIX,0.086512,-0.007579923
2009-03-20,VIX,0.049356896,-0.004048295
2009-03-23,VIX,-0.05971253,-0.0035554434
2009-03-24,VIX,-0.0069638165,-0.006973005
2009-03-25,VIX,-0.015966529,-0.004177625
2009-03-26,VIX,-0.045765158,-0.00584459
2009-03-27,VIX,0.016708005,0.0043419357
2009-03-30,VIX,0.104043856,-0.0075885225
2009-03-31,VIX,-0.03122466,-0.0058337157
2009-04-01,VIX,-0.04305224,-0.0018707226
2009-04-02,VIX,-0.005692615,-0.0087493425
2009-04-03,VIX,-0.05727036,-0.001437091
2009-04-06,VIX,0.030512102,-0.0029473451
2009-04-07,VIX,-0.013281061,0.0006125352
2009-04-08,VIX,-0.038874153,0.005415487
2009-04-09,VIX,-0.061574236,-0.0005390616
2009-04-10,VIX,0.0,-0.0013608015
2009-04-13,VIX,0.034439776,-0.008387038
2009-04-14,VIX,-0.003709596,-0.0026824274
2009-04-15,VIX,-0.040633976,0.00306131
2009-04-16,VIX,-0.010561521,0.0013228704
2009-04-17,VIX,-0.053074267,0.0044154045
2009-04-20,VIX,0.14357215,0.0026981921
2009-04-21,VIX,-0.053471856,-0.0044554695
2009-04-22,VIX,0.025519727,0.006384615
2009-04-23,VIX,-0.025250511,0.007988945
2009-04-24,VIX,-0.0089225955,-0.0025202825
2009-04-27,VIX,0.039930776,0.0069017806
2009-04-28,VIX,-0.00970245,-0.0047968593
2009-04-29,VIX,-0.05053081,-0.003252675
2009-04-30,VIX,0.011573565,-0.00562736
2009-05-01,VIX,-0.033429295,0.004655574
2009-05-04,VIX,-0.022054452,0.0024349464
2009-05-05,VIX,-0.034470934,-0.0041471953
2009-05-06,VIX,-0.027657134,0.0064398153
2009-05-07,VIX,0.030052345,-0.005704763
2009-05-08,VIX,-0.042455606,0.003911745
2009-05-11,VIX,0.025263205,-0.009142441
2009-05-12,VIX,-0.033094097,0.0033984561
2009-05-13,VIX,0.056546766,0.0043009752
2009-05-14,VIX,-0.07016104,-0.010240531
2009-05-15,VIX,0.054285306,0.004845105
2009-05-18,VIX,-0.090971775,-0.0020183234
2009-05-19,VIX,-0.048790164,0.0041083703
2009-05-20,VIX,0.007954391,-0.0053903055
2009-05-21,VIX,0.076884486,-0.0023912215
2009-05-22,VIX,0.040017843,-0.0032402088
2009-05-25,VIX,0.0,-0.0073042554
2009-05-26,VIX,-0.06357872,0.008097098
2009-05-27,VIX,0.055269703,-0.0034028976
2009-05-28,VIX,-0.021553231,0.003038884
2009-05-29,VIX,-0.090836465,-0.0068694022
2009-06-01,VIX,0.03799643,0.0031770521
2009-06-02,VIX,-0.0137424655,-0.0058820494
2009-06-03,VIX,0.045844797,0.0018065277
2009-06-04,VIX,-0.027452704,0.008983005
2009-06-05,VIX,-0.018729644,0.003622137
2009-06-08,VIX,0.005051366,-0.0035946437
2009-06-09,VIX,-0.051700003,0.0025780094
2009-06-10,VIX,0.0066984207,-0.005509357
2009-06-11,VIX,-0.012374207,-0.0048980275
2009-06-12,VIX,0.0014219696,-0.0015513191
2009-06-15,VIX,0.090291955,-0.0020104127
2009-06-16,VIX,0.058923956,-0.0026882337
2009-06-17,VIX,-0.035506688,-0.0089835785
2009-06-18,VIX,-0.0490597,0.002062956
2009-06-19,VIX,-0.07034958,-0.0147891715
2009-06-22,VIX,0.10760879,-0.0011787616
2009-06-23,VIX,-0.019109894,0.0011689626
2009-06-24,VIX,-0.051327717,-0.0031860096
2009-06-25,VIX,-0.09717077,-0.0035217437
2009-06-26,VIX,-0.01644711,0.0012880212
2009-06-29,VIX,-0.02262187,-0.0052781375
2009-06-30,VIX,0.038689546,-0.00046428008
2009-07-01,VIX,-0.0049457964,-0.0054497076
2009-07-02,VIX,0.06389472,-0.0031241048
2009-07-03,VIX,0.0,-0.005029716
2009-07-06,VIX,0.03687863,-0.0068958537
2009-07-07,VIX,0.06184092,-0.0027716383
2009-07-08,VIX,0.014481347,0.0049270038
2009-07-09,VIX,-0.04978107,0.00046782315
2009-07-10,VIX,-0.02585178,0.0094767595
2009-07-13,VIX,-0.098036155,0.0024419285
2009-07-14,VIX,-0.05027359,-0.009310272
2009-07-15,VIX,0.03418129,-0.0029405039
2009-07-16,VIX,-0.018320529,0.00014300726
2009-07-17,VIX,-0.043415178,-0.006555452
2009-07-20,VIX,0.0024620448,0.0015243758
2009-07-21,VIX,-0.021960692,-0.00120016
2009-07-22,VIX,-0.016899431,0.0021257673
2009-07-23,VIX,-0.0017057573,-0.0031759355
2009-07-24,VIX,-0.014617629,-0.0052733035
2009-07-27,VIX,0.050253343,-0.0069057657
2009-07-28,VIX,0.029622778,-0.0036165137
2009-07-29,VIX,0.023707155,0.009845736
2009-07-30,VIX,-0.008233726,0.004048009
2009-07-31,VIX,0.020265697,0.004869717
2009-08-03,VIX,-0.013986242,0.003613568
2009-08-04,VIX,-0.026562514,-0.0010646697
2009-08-05,VIX,0.00040168708,0.0058570257
2009-08-06,VIX,0.03045519,0.006163384
2009-08-07,VIX,-0.036093548,0.0034865488
2009-08-10,VIX,0.009246297,0.00404742
2009-08-11,VIX,0.039236102,0.0024744053
2009-08-12,VIX,-0.020996105,0.0064403983
2009-08-13,VIX,-0.029507723,0.0054147555
2009-08-14,VIX,-0.017967,0.0031634294
2009-08-17,VIX,0.13902718,0.0027600068
2009-08-18,VIX,-0.06327244,-0.009648346
2009-08-19,VIX,0.0030511084,-0.00093685027
2009-08-20,VIX,-0.045577507,-0.00462057
2009-08-21,VIX,-0.0031936155,0.0013692988
2009-08-24,VIX,0.005184458,-0.0016463035
2009-08-25,VIX,-0.00878951,-0.004008812
2009-08-26,VIX,0.0012031283,0.0047260965
2009-08-27,VIX,-0.010880623,0.0045957803
2009-08-28,VIX,0.0032362489,0.0027308657
2009-08-31,VIX,0.04925163,-0.0011685862
2009-09-01,VIX,0.11397383,0.0038157937
2009-09-02,VIX,-0.008613317,0.0035242601
2009-09-03,VIX,-0.06430787,-0.0062749824
2009-09-04,VIX,-0.07031161,0.0011588699
2009-09-07,VIX,0.0,0.0035636162
2009-09-08,VIX,0.014151179,-0.005755657
2009-09-09,VIX,-0.05207424,-0.0020593496
2009-09-10,VIX,-0.032173235,0.0064909845
2009-09-11,VIX,0.02515856,0.0012439463
2009-09-14,VIX,-0.012080964,-0.0034634655
2009-09-15,VIX,-0.01861306,-0.00028988096
2009-09-16,VIX,0.01146266,0.0032371585
2009-09-17,VIX,-0.0016899032,-0.0031507495
2009-09-18,VIX,0.0113518145,-0.0022757205
2009-09-21,VIX,0.0058357813,-0.005475828
2009-09-22,VIX,-0.04158427,0.004556319
2009-09-23,VIX,0.017608358,-0.00411377
2009-09-24,VIX,0.060299024,-0.0039206487
2009-09-25,VIX,0.026109079,-0.0034796475
2009-09-28,VIX,-0.028918633,-0.0083459085
2009-09-29,VIX,0.012382822,0.0012167043
2009-09-30,VIX,0.01653581,-0.004755857
2009-10-01,VIX,0.09881827,-0.004874141
2009-10-02,VIX,0.014398844,-0.012372536
2009-10-05,VIX,-0.0663067,-0.0021868928
2009-10-06,VIX,-0.04340232,0.009052228
2009-10-07,VIX,-0.04049779,-0.004328229
2009-10-08,VIX,-0.020467354,-0.005820705
2009-10-09,VIX,-0.0448278,-0.0014791213
2009-10-12,VIX,-0.00476914,0.0030441403
2009-10-13,VIX,-0.0008695653,-0.007744217
2009-10-14,VIX,-0.00567068,0.0006729857
2009-10-15,VIX,-0.051155165,-0.0050186617
2009-10-16,VIX,-0.013441686,-0.0035220573
2009-10-19,VIX,0.0027959011,-0.00833033
2009-10-20,VIX,-0.027838552,-0.0029989204
2009-10-21,VIX,0.061243623,-0.008118805
2009-10-22,VIX,-0.07134229,-0.0030863693
2009-10-23,VIX,0.07358999,-0.0033509831
2009-10-26,VIX,0.087647304,-0.0058446107
2009-10-27,VIX,0.02116481,-0.004112608
2009-10-28,VIX,0.11693245,0.0021912355
2009-10-29,VIX,-0.1197556,-0.005539689
2009-10-30,VIX,0.21470742,0.0017168968
2009-11-02,VIX,-0.03009984,-0.0056645614
2009-11-03,VIX,-0.033114478,-0.0022890694
2009-11-04,VIX,-0.038568374,0.0013073916
2009-11-05,VIX,-0.08622459,0.0006763966
2009-11-06,VIX,-0.049990255,-0.0026785717
2009-11-09,VIX,-0.043944545,-0.0046993503
2009-11-10,VIX,-0.013481395,-0.0028530953
2009-11-11,VIX,0.0087184515,-0.004287488
2009-11-12,VIX,0.050772324,-0.0020905784
2009-11-13,VIX,-0.036979005,-0.0033649153
2009-11-16,VIX,-0.020325024,-0.0036435325
2009-11-17,VIX,-0.021192847,-0.0035843765
2009-11-18,VIX,-0.035426047,-0.0016818941
2009-11-19,VIX,0.04519522,0.0037259883
2009-11-20,VIX,-0.019634722,-0.0014617584
2009-11-23,VIX,-0.04752913,-0.003933313
2009-11-24,VIX,-0.033152208,-0.001513331
2009-11-25,VIX,0.0004884005,0.0010180363
2009-11-26,VIX,0.0,-0.0030225487
2009-11-27,VIX,0.18897256,0.0028444822
2009-11-30,VIX,-0.00934017,-0.0017484215
2009-12-01,VIX,-0.11168174,-0.0026893062
2009-12-02,VIX,-0.037179004,0.0018887306
2009-12-03,VIX,0.06151549,0.00519831
2009-12-04,VIX,-0.055379055,0.0016225108
2009-12-07,VIX,0.039220713,0.0012673462
2009-12-08,VIX,0.06947541,-0.00048457642
2009-12-09,VIX,-0.044451762,0.0005795762
2009-12-10,VIX,-0.015118118,-0.0009775094
2009-12-11,VIX,-0.03325289,0.0031535572
2009-12-14,VIX,-0.020590339,0.0027144486
2009-12-15,VIX,0.015947806,0.0022784052
2009-12-16,VIX,-0.045213506,0.0019570403
2009-12-17,VIX,0.09158545,0.0024138591
2009-12-18,VIX,-0.03756948,0.0011539272
2009-12-21,VIX,-0.056453213,0.002449821
2009-12-22,VIX,-0.047473315,0.0019941444
2009-12-23,VIX,0.008662474,0.0010746147
2009-12-24,VIX,-0.012251302,-0.0013219242
2009-12-25,VIX,0.0,-0.00013052176
2009-12-28,VIX,0.023351315,-0.0010327466
2009-12-29,VIX,0.004006014,0.002585682
2009-12-30,VIX,-0.0025018777,0.0011273072
2009-12-31,VIX,0.08265991,-0.0011416181
2009-01-01,AGG,0.0,0.09520467
2009-01-02,AGG,-0.0062575415,0.07113474
2009-01-05,AGG,0.015808713,-0.084621236
2009-01-06,AGG,-0.005624151,-0.06667046
2009-01-07,AGG,-0.00921931,-0.079244286
2009-01-08,AGG,-0.0076509984,-0.12407636
2009-01-09,AGG,-0.0034084856,0.07040386
2009-01-12,AGG,0.0052539525,-0.10265286
2009-01-13,AGG,0.0016483254,0.03621455
2009-01-14,AGG,-0.0013572469,0.07718644
2009-01-15,AGG,-9.701674e-05,-0.10405735
2009-01-16,AGG,0.0051289606,0.08644384
2009-01-19,AGG,0.0,-0.05677028
2009-01-20,AGG,-0.0052259867,-0.13248485
2009-01-21,AGG,-0.0052534416,0.13955447
2009-01-22,AGG,-0.004301082,-0.04208138
2009-01-23,AGG,-0.0015686278,0.12419847
2009-01-26,AGG,-0.0009816433,0.094314806
2009-01-27,AGG,0.005094055,-0.10687388
2009-01-28,AGG,0.00058610924,-0.099941805
2009-01-29,AGG,-0.008926441,0.118275166
2009-01-30,AGG,0.00628624,-0.08189708
2009-02-02,AGG,-0.0053014066,-0.09295876
2009-02-03,AGG,-0.0044394094,0.083820775
2009-02-04,AGG,-0.0013851788,0.1189721
2009-02-05,AGG,-0.0031733466,-0.082200795
2009-02-06,AGG,0.0026781745,-0.08746482
2009-02-09,AGG,9.9054036e-05,0.11140987
2009-02-10,AGG,0.0061222664,0.112947196
2009-02-11,AGG,-0.00019690854,0.098267645
2009-02-12,AGG,0.0053029684,0.12106819
2009-02-13,AGG,-0.0030408576,-0.031945884
2009-02-16,AGG,0.0,-0.0991067
2009-02-17,AGG,0.00078562315,0.1395162
2009-02-18,AGG,-0.0020635787,-0.09363983
2009-02-19,AGG,-0.0015751135,-0.031881105
2009-02-20,AGG,-0.005136321,0.08661815
2009-02-23,AGG,0.005136321,-0.05413803
2009-02-24,AGG,-0.0019723873,0.10241375
2009-02-25,AGG,-0.00088884507,0.1383708
2009-02-26,AGG,-0.0052503957,-0.058584545
2009-02-27,AGG,9.931966e-05,-0.06584969
2009-03-02,AGG,9.93098e-05,-0.025574686
2009-03-03,AGG,-0.0012917973,0.10500607
2009-03-04,AGG,-0.004684316,-0.07232331
2009-03-05,AGG,0.0032912812,0.09984663
2009-03-06,AGG,0.0026848323,0.056245785
2009-03-09,AGG,-0.006875619,0.101902105
2009-03-10,AGG,0.0022971297,0.07856336
2009-03-11,AGG,0.0023913921,0.17744717
2009-03-12,AGG,0.0008952997,0.056114998
2009-03-13,AGG,0.0009938383,0.08232414
2009-03-16,AGG,-0.0030841192,-0.05176316
2009-03-17,AGG,-0.0029937155,0.11593214
2009-03-18,AGG,0.015765535,0.075724095
2009-03-19,AGG,0.0024249963,-0.08313976
2009-03-20,AGG,-0.0055780187,-0.08489094
2009-03-23,AGG,0.0,-0.079485886
2009-03-24,AGG,-0.0068327244,-0.07318036
2009-03-25,AGG,-0.0043816045,-0.03648486
2009-03-26,AGG,0.0019940187,0.105248086
2009-03-27,AGG,0.0007964955,-0.08807096
2009-03-30,AGG,0.004666642,0.11956771
2009-03-31,AGG,0.0051378435,0.06868797
2009-04-01,AGG,-0.0039201602,-0.0068724365
2009-04-02,AGG,-0.0032008272,0.11499618
2009-04-03,AGG,-0.0032808103,0.11915818
2009-04-06,AGG,-0.00019918336,-0.11597845
2009-04-07,AGG,-0.0015948967,0.13721119
2009-04-08,AGG,0.0032866918,-0.11675313
2009-04-09,AGG,-0.0014926118,-0.038197685
2009-04-10,AGG,0.0,0.09661576
2009-04-13,AGG,0.007243173,0.083494306
2009-04-14,AGG,-0.0001977457,-0.099281035
2009-04-15,AGG,0.0027648876,-0.06307799
2009-04-16,AGG,-0.00177655,0.13622035
2009-04-17,AGG,-0.005547315,-0.10482527
2009-04-20,AGG,0.005744865,-0.07270146
2009-04-21,AGG,-0.0031654988,-0.08328592
2009-04-22,AGG,0.0026715496,0.113245875
2009-04-23,AGG,0.0012837606,-0.052829694
2009-04-24,AGG,0.0010849732,-0.077647805
2009-04-27,AGG,0.0015760445,-0.05205666
2009-04-28,AGG,-0.0002953192,0.094532326
2009-04-29,AGG,-0.0041436525,0.1128044
2009-04-30,AGG,0.0048325947,0.095052004
2009-05-01,AGG,-0.007109035,0.111990824
2009-05-04,AGG,0.00079239305,0.10101047
2009-05-05,AGG,0.0020770493,0.116992936
2009-05-06,AGG,0.0022699244,-0.12046563
2009-05-07,AGG,-0.0044459887,0.09440037
2009-05-08,AGG,0.0018796069,0.036668982
2009-05-11,AGG,0.0006915971,0.15556514
2009-05-12,AGG,0.0055156252,0.030844174
2009-05-13,AGG,0.0008836091,-0.06417687
2009-05-14,AGG,0.0005886393,-0.064879
2009-05-15,AGG,0.002253246,-0.09119986
2009-05-18,AGG,-0.0029400256,-0.08625504
2009-05-19,AGG,0.0008829156,0.08105166
2009-05-20,AGG,0.0030352008,0.102679946
2009-05-21,AGG,-0.0031332641,0.17958437
2009-05-22,AGG,-0.0026513494,-0.0688551
2009-05-25,AGG,0.0,0.12400689
2009-05-26,AGG,-0.0022641148,-0.032038443
2009-05-27,AGG,-0.0055341576,0.09065432
2009-05-28,AGG,0.00039631428,-0.061357483
2009-05-29,AGG,0.010641543,0.106245525
2009-06-01,AGG,-0.015507249,-0.0970121
2009-06-02,AGG,0.006844925,0.12241367
2009-06-03,AGG,0.002764342,-0.05622282
2009-06-04,AGG,-0.008316056,-0.0015762356
2009-06-05,AGG,-0.005182908,0.121526256
2009-06-08,AGG,-0.0027017577,0.10542572
2009-06-09,AGG,0.0044988827,-0.06659651
2009-06-10,AGG,-0.0027969251,0.10759088
2009-06-11,AGG,0.0034949358,0.17242466
2009-06-12,AGG,0.0048724804,-0.08559974
2009-06-15,AGG,0.0037623807,-0.061100516
2009-06-16,AGG,0.0013825797,-0.08794598
2009-06-17,AGG,0.0019718038,0.10854543
2009-06-18,AGG,-0.0065217623,-0.11567055
2009-06-19,AGG,0.0036613767,0.101354815
2009-06-22,AGG,0.0014805313,0.08270394
2009-06-23,AGG,0.0032494736,-0.06414634
2009-06-24,AGG,-0.0026578743,-0.036610793
2009-06-25,AGG,0.0046221255,0.12283413
2009-06-26,AGG,0.0029391616,0.1406485
2009-06-29,AGG,-0.00088084175,0.12871784
2009-06-30,AGG,0.00019580967,0.11295942
2009-07-01,AGG,-0.003726956,-0.03423845
2009-07-02,AGG,0.0023554824,0.07128653
2009-07-03,AGG,0.0,-0.03601515
2009-07-06,AGG,-0.0007845445,0.12378606
2009-07-07,AGG,0.0032322865,0.07678758
2009-07-08,AGG,0.005461297,-0.06676178
2009-07-09,AGG,-0.002824448,-0.08600726
2009-07-10,AGG,0.0034078218,0.11918849
2009-07-13,AGG,-0.00048612125,-0.031205153
2009-07-14,AGG,-0.0030192377,0.10455375
2009-07-15,AGG,-0.0065567587,0.11796441
2009-07-16,AGG,0.0031369498,-0.07690585
2009-07-17,AGG,0.0,0.13849671
2009-07-20,AGG,0.0011738238,0.08873905
2009-07-21,AGG,0.0069170715,-0.09153515
2009-07-22,AGG,-0.0034038448,-0.076619506
2009-07-23,AGG,-0.002536092,0.111644864
2009-07-24,AGG,0.0,0.0971175
2009-07-27,AGG,-0.003032232,0.081821546
2009-07-28,AGG,0.0018595553,0.1326746
2009-07-29,AGG,0.0017584999,-0.08479346
2009-07-30,AGG,0.0012681073,-0.091559656
2009-07-31,AGG,0.005056409,-0.028906493
2009-08-03,AGG,-0.0053489064,-0.07678191
2009-08-04,AGG,-0.0030274938,-0.039998043
2009-08-05,AGG,-0.00088066934,-0.04167289
2009-08-06,AGG,0.0004893565,-0.066663235
2009-08-07,AGG,-0.0059865727,0.08047438
2009-08-10,AGG,0.007746276,0.09435436
2009-08-11,AGG,0.003510144,-0.06056719
2009-08-12,AGG,-0.00048678383,-0.09228357
2009-08-13,AGG,0.0025286924,0.08915633
2009-08-14,AGG,0.0017468949,-0.08083731
2009-08-17,AGG,0.0041608266,-0.06993491
2009-08-18,AGG,-0.0032885221,0.22494882
2009-08-19,AGG,0.0020324227,0.08654866
2009-08-20,AGG,0.0016422744,-0.07221627
2009-08-21,AGG,-0.005808342,-0.054011762
2009-08-24,AGG,0.0040693786,-0.08724225
2009-08-25,AGG,0.0016424331,0.11442368
2009-08-26,AGG,0.0014469689,-0.05932132
2009-08-27,AGG,-0.00077145617,-0.062352374
2009-08-28,AGG,-0.0006755127,-0.05946173
2009-08-31,AGG,0.0041423882,0.13961756
2009-09-01,AGG,-0.0049149618,0.10387434
2009-09-02,AGG,0.0052994294,0.115707554
2009-09-03,AGG,-0.0018275386,0.09693112
2009-09-04,AGG,-0.0019273399,0.07415938
2009-09-07,AGG,0.0,-0.06987894
2009-09-08,AGG,-0.0014479465,0.11201805
2009-09-09,AGG,0.0019339864,0.1025811
2009-09-10,AGG,0.0050930437,0.11621946
2009-09-11,AGG,-9.592786e-05,-0.03919057
2009-09-14,AGG,-0.0014400233,-0.054153286
2009-09-15,AGG,-0.0015383139,0.06554103
2009-09-16,AGG,0.0007694528,-0.06368497
2009-09-17,AGG,0.004700023,0.10862686
2009-09-18,AGG,-0.0024911386,-0.043830387
2009-09-21,AGG,-0.00076775433,0.04694819
2009-09-22,AGG,-0.0006722689,0.08411253
2009-09-23,AGG,0.002494724,0.05088897
2009-09-24,AGG,0.001245032,0.05365111
2009-09-25,AGG,0.002962682,-0.055776417
2009-09-28,AGG,-9.5433505e-05,0.1674152
2009-09-29,AGG,-0.0004773042,0.117094584
2009-09-30,AGG,0.0018125452,0.04113726
2009-10-01,AGG,-0.0009535616,0.12809442
2009-10-02,AGG,-0.0019098554,0.12538102
2009-10-05,AGG,0.0006688644,-0.06979693
2009-10-06,AGG,-0.0014338291,-0.1399984
2009-10-07,AGG,0.004009552,0.11739803
2009-10-08,AGG,-0.0006671432,0.07936207
2009-10-09,AGG,-0.0069840034,-0.05816566
2009-10-12,AGG,0.002301497,-0.10619152
2009-10-13,AGG,0.0024873256,0.0945013
2009-10-14,AGG,-0.0023915446,-0.088456824
2009-10-15,AGG,-0.0015335956,0.18365611
2009-10-16,AGG,-9.592786e-05,-0.08039879
2009-10-19,AGG,0.0020125553,0.1548875
2009-10-20,AGG,0.0023906298,-0.110525
2009-10-21,AGG,-0.0006688005,0.05448095
2009-10-22,AGG,-0.0015303686,-0.16323377
2009-10-23,AGG,-0.0012451513,0.14185724
2009-10-26,AGG,-0.0026871418,-0.04740508
2009-10-27,AGG,0.003932293,-0.07537436
2009-10-28,AGG,0.001434789,0.109555356
2009-10-29,AGG,-0.0020092817,-0.100776464
2009-10-30,AGG,0.0038237309,-0.112476215
2009-11-02,AGG,-0.004686089,0.0714359
2009-11-03,AGG,-0.0013429258,0.16116083
2009-11-04,AGG,-0.001633124,-0.09826139
2009-11-05,AGG,0.0025925408,-0.046856087
2009-11-06,AGG,0.00086268876,0.054130226
2009-11-09,AGG,0.0013404827,0.19612493
2009-11-10,AGG,0.0002870127,0.14307949
2009-11-11,AGG,0.00038255547,0.07884281
2009-11-12,AGG,0.0020060188,0.17808674
2009-11-13,AGG,0.001049168,0.16554216
2009-11-16,AGG,0.0023803867,0.15875487
2009-11-17,AGG,0.000855554,0.048591167
2009-11-18,AGG,-0.002092648,-0.037215818
2009-11-19,AGG,0.0010468714,-0.073741876
2009-11-20,AGG,0.00038040895,0.12485411
2009-11-23,AGG,-0.00019018639,0.11193798
2009-11-24,AGG,0.002943832,-0.101463065
2009-11-25,AGG,0.00094777753,-0.080907986
2009-11-26,AGG,0.0,-0.023853432
2009-11-27,AGG,0.00085223245,-0.08711518
2009-11-30,AGG,0.0017022891,-0.09796577
2009-12-01,AGG,-0.005780637,0.11527764
2009-12-02,AGG,-0.0019025881,-0.08658323
2009-12-03,AGG,9.521542e-05,-0.10021763
2009-12-04,AGG,-0.0020014304,0.111990854
2009-12-07,AGG,0.0009535616,0.12989073
2009-12-08,AGG,0.0013334606,-0.09302214
2009-12-09,AGG,-0.0010475692,-0.10483344
2009-12-10,AGG,-0.0007625584,0.07893498
2009-12-11,AGG,-0.00238675,-0.06192546
2009-12-14,AGG,0.0005733397,-0.07067313
2009-12-15,AGG,-0.0027741923,0.06743471
2009-12-16,AGG,0.0018184433,-0.07322016
2009-12-17,AGG,0.0016242301,-0.11567799
2009-12-18,AGG,0.0,-0.06970752
2009-12-21,AGG,-0.0041709775,-0.08643117
2009-12-22,AGG,-0.0029185328,-0.13104871
2009-12-23,AGG,0.00038450447,0.051380996
2009-12-24,AGG,-0.0017314357,0.038282916
2009-12-25,AGG,0.0,-0.029478293
2009-12-28,AGG,-0.0060837422,0.026309758
2009-12-29,AGG,-0.0017450319,-0.119153954
2009-12-30,AGG,0.0025196252,-0.14766479
2009-12-31,AGG,-0.0012590191,0.10258115
2009-01-01,DBC,0.0,0.032028485
2009-01-02,DBC,0.034326192,0.037621155
2009-01-05,DBC,0.0104332995,-0.020456078
2009-01-06,DBC,0.025836626,0.054711085
2009-01-07,DBC,-0.052358527,-0.072683275
2009-01-08,DBC,0.0037002817,-0.031822134
2009-01-09,DBC,-0.011609139,0.03338401
2009-01-12,DBC,-0.046364337,-0.042433616
2009-01-13,DBC,0.01649722,-0.035449553
2009-01-14,DBC,-0.014054024,-0.055953164
2009-01-15,DBC,-0.0009765626,-0.0470413
2009-01-16,DBC,0.004387041,0.03591285
2009-01-19,DBC,0.0,0.038340803
2009-01-20,DBC,-0.03162319,-0.12649623
2009-01-21,DBC,0.004008021,0.05900099
2009-01-22,DBC,-0.01308524,0.036216136
2009-01-23,DBC,0.04555243,0.049625058
2009-01-26,DBC,0.0019342366,-0.030406274
2009-01-27,DBC,-0.027425813,-0.053137746
2009-01-28,DBC,0.023553591,-0.05361452
2009-01-29,DBC,-0.012198248,0.014047079
2009-01-30,DBC,-0.0059084366,-0.031615116
2009-02-02,DBC,-0.019447135,-0.026156215
2009-02-03,DBC,-0.01164865,-0.033486858
2009-02-04,DBC,0.005588026,0.032608334
2009-02-05,DBC,0.02204498,0.017244078
2009-02-06,DBC,0.0074105314,-0.07580297
2009-02-09,DBC,-0.005430333,0.043480895
2009-02-10,DBC,-0.012941943,0.033455584
2009-02-11,DBC,-0.006030169,-0.014856399
2009-02-12,DBC,0.0015109547,0.03406519
2009-02-13,DBC,-0.018283902,0.026301598
2009-02-16,DBC,0.0,0.024719365
2009-02-17,DBC,-0.057490125,0.034256093
2009-02-18,DBC,-0.005989672,-0.034874674
2009-02-19,DBC,0.02423694,-0.030678527
2009-02-20,DBC,-0.01121451,-0.0047535035
2009-02-23,DBC,-0.00975089,-0.058645982
2009-02-24,DBC,0.018873572,0.02185742
2009-02-25,DBC,0.011683617,-0.008812658
2009-02-26,DBC,0.020899402,-0.040741775
2009-02-27,DBC,-0.011963732,-0.069256
2009-03-02,DBC,-0.051541198,0.010835725
2009-03-03,DBC,0.00658981,-0.022491183
2009-03-04,DBC,0.03443051,-0.047682844
2009-03-05,DBC,-0.00849713,-0.035410274
2009-03-06,DBC,0.023716526,-0.027193625
2009-03-09,DBC,-0.0057456414,-0.020307692
2009-03-10,DBC,-0.0026226083,-0.041984357
2009-03-11,DBC,-0.032019813,0.043099564
2009-03-12,DBC,0.04558288,-0.05230915
2009-03-13,DBC,-0.008847312,0.0145867085
2009-03-16,DBC,0.021717504,0.010792661
2009-03-17,DBC,0.02125586,-0.021896686
2009-03-18,DBC,0.012441066,-0.048210718
2009-03-19,DBC,0.020558728,-0.035595506
2009-03-20,DBC,0.013474698,0.007232444
2009-03-23,DBC,0.020814374,-0.037606813
2009-03-24,DBC,-0.016521499,0.0070068436
2009-03-25,DBC,-0.015348023,0.021643156
2009-03-26,DBC,0.017250068,-0.010671809
2009-03-27,DBC,-0.018701097,-0.056553718
2009-03-30,DBC,-0.036977347,-0.037851334
2009-03-31,DBC,0.0045101554,0.020053511
2009-04-01,DBC,-0.0025031301,0.03983428
2009-04-02,DBC,0.037870273,0.033079214
2009-04-03,DBC,0.01532597,-0.028503273
2009-04-06,DBC,-0.012482527,-0.07011543
2009-04-07,DBC,-0.017917885,-0.030097581
2009-04-08,DBC,0.0073224637,-0.049762953
2009-04-09,DBC,0.014486009,-0.0450727
2009-04-10,DBC,0.0,-0.035051137
2009-04-13,DBC,0.004305197,0.03869794
2009-04-14,DBC,-0.018304942,-0.08343624
2009-04-15,DBC,-0.0063399384,-0.030221865
2009-04-16,DBC,-0.0044128536,0.015892819
2009-04-17,DBC,-0.0073983073,-0.05594943
2009-04-20,DBC,-0.038349804,-0.05761727
2009-04-21,DBC,0.0035943557,0.010400036
2009-04-22,DBC,0.001536492,-0.058080357
2009-04-23,DBC,0.013218291,-0.059226915
2009-04-24,DBC,0.0150378775,-0.031336837
2009-04-27,DBC,-0.02519025,-0.05399485
2009-04-28,DBC,-0.0071684895,0.01789629
2009-04-29,DBC,0.022861041,-0.01263558
2009-04-30,DBC,0.0035096551,-0.025343789
2009-05-01,DBC,0.029587958,-0.04719038
2009-05-04,DBC,0.019245107,0.018431034
2009-05-05,DBC,-0.014397787,0.027895315
2009-05-06,DBC,0.026248226,-0.054150242
2009-05-07,DBC,0.0018823534,-0.016435126
2009-05-08,DBC,0.024612341,-0.07593118
2009-05-11,DBC,-0.008291158,0.05734149
2009-05-12,DBC,0.010124339,-0.07721364
2009-05-13,DBC,-0.011512906,0.008027138
2009-05-14,DBC,0.0064635496,-0.10229735
2009-05-15,DBC,-0.025636453,-0.074121095
2009-05-18,DBC,0.026096541,0.022369727
2009-05-19,DBC,0.0,-0.03996122
2009-05-20,DBC,0.015971135,-0.013996028
2009-05-21,DBC,-0.008181863,0.03364253
2009-05-22,DBC,0.014499574,-0.034224335
2009-05-25,DBC,0.0,0.030526817
2009-05-26,DBC,0.0022466872,-0.08657097
2009-05-27,DBC,0.004478288,-0.020583963
2009-05-28,DBC,0.01815414,-0.06635771
2009-05-29,DBC,0.019122703,0.03552472
2009-06-01,DBC,0.027177894,-0.08940536
2009-06-02,DBC,0.0041806083,-0.018876674
2009-06-03,DBC,-0.03394471,-0.03890344
2009-06-04,DBC,0.03602848,0.017248048
2009-06-05,DBC,-0.0054268553,-0.05748729
2009-06-08,DBC,-0.0025146701,-0.020140039
2009-06-09,DBC,0.00960542,-0.073870845
2009-06-10,DBC,-0.003747662,-0.029102104
2009-06-11,DBC,0.009136276,0.030537618
2009-06-12,DBC,-0.014155108,0.024468977
2009-06-15,DBC,-0.019475637,-0.04702321
2009-06-16,DBC,-0.00385522,-0.04331543
2009-06-17,DBC,0.002999788,-0.036416583
2009-06-18,DBC,0.0012828738,-0.073692344
2009-06-19,DBC,-0.008583744,-0.101514064
2009-06-22,DBC,-0.03419886,-0.064711735
2009-06-23,DBC,0.017245619,0.0026132409
2009-06-24,DBC,-0.00043850034,-0.051413946
2009-06-25,DBC,0.00873368,-0.06033425
2009-06-26,DBC,-0.008295179,-0.038738273
2009-06-29,DBC,0.009598678,0.023481177
2009-06-30,DBC,-0.017963244,-0.08487903
2009-07-01,DBC,-0.0039867163,-0.051818468
2009-07-02,DBC,-0.022442594,-0.07929075
2009-07-03,DBC,0.0,0.033561055
2009-07-06,DBC,-0.030417092,0.02040773
2009-07-07,DBC,-0.016038079,-0.05203171
2009-07-08,DBC,-0.012440352,-0.091477565
2009-07-09,DBC,0.006239521,-0.08850689
2009-07-10,DBC,-0.0076849563,-0.09407735
2009-07-13,DBC,0.0052897455,0.032424346
2009-07-14,DBC,0.0,-0.036898654
2009-07-15,DBC,0.026036974,-0.05074026
2009-07-16,DBC,0.0023337232,-0.079387926
2009-07-17,DBC,0.01480823,0.02321989
2009-07-20,DBC,0.01640128,0.016610466
2009-07-21,DBC,-0.0036215521,-0.068380006
2009-07-22,DBC,0.0054274215,-0.06901452
2009-07-23,DBC,0.020536436,-0.06387923
2009-07-24,DBC,0.0008833923,0.024570229
2009-07-27,DBC,0.0039656362,-0.036714397
2009-07-28,DBC,-0.011054723,0.02591879
2009-07-29,DBC,-0.026127612,0.003205811
2009-07-30,DBC,0.030564178,-0.07748972
2009-07-31,DBC,0.019724505,0.009282704
2009-08-03,DBC,0.027821183,-0.041698664
2009-08-04,DBC,0.00042202996,0.020410703
2009-08-05,DBC,0.010493276,0.030564455
2009-08-06,DBC,-0.023232302,-0.0857803
2009-08-07,DBC,-0.0047119386,-0.06199312
2009-08-10,DBC,-0.00042946104,-0.06736692
2009-08-11,DBC,-0.015148526,-0.075596586
2009-08-12,DBC,0.0052196723,-0.05999279
2009-08-13,DBC,0.013359388,-0.061224684
2009-08-14,DBC,-0.028660234,-0.07708442
2009-08-17,DBC,-0.015091276,-0.08129451
2009-08-18,DBC,0.019486887,0.044004813
2009-08-19,DBC,0.0069930353,-0.10308069
2009-08-20,DBC,-0.008309691,-0.08991753
2009-08-21,DBC,0.0074382317,-0.06580903
2009-08-24,DBC,0.0017421608,0.010041619
2009-08-25,DBC,-0.01446442,0.016814055
2009-08-26,DBC,-0.0026525215,-0.07003764
2009-08-27,DBC,0.008375628,-0.082219556
2009-08-28,DBC,-0.00219732,-0.10820385
2009-08-31,DBC,-0.027655642,0.039203957
2009-09-01,DBC,-0.015497119,-0.071836606
2009-09-02,DBC,0.0022941052,0.009461279
2009-09-03,DBC,-0.0050539966,0.01227748
2009-09-04,DBC,-0.004154172,-0.06451812
2009-09-07,DBC,0.0,-0.07274881
2009-09-08,DBC,0.01833232,-0.05663883
2009-09-09,DBC,0.0040788637,0.0051511982
2009-09-10,DBC,0.005412733,-0.08633948
2009-09-11,DBC,-0.013131273,-0.077213734
2009-09-14,DBC,-0.0054844744,0.021028586
2009-09-15,DBC,0.023104085,-0.05256672
2009-09-16,DBC,0.012903404,-0.07650653
2009-09-17,DBC,0.00044198896,-0.047121905
2009-09-18,DBC,-0.008765659,-0.06388895
2009-09-21,DBC,-0.022199346,-0.040991172
2009-09-22,DBC,0.016275223,-0.060489833
2009-09-23,DBC,-0.022676708,-0.037322536
2009-09-24,DBC,-0.012927234,-0.054548364
2009-09-25,DBC,-0.007930996,-0.06319539
2009-09-28,DBC,0.008859932,-0.040481083
2009-09-29,DBC,-0.0037209345,-0.09371902
2009-09-30,DBC,0.027575277,-0.056406736
2009-10-01,DBC,-0.006302685,-0.043953635
2009-10-02,DBC,-0.010151068,-0.029649844
2009-10-05,DBC,0.031748697,-0.062189247
2009-10-06,DBC,-0.012126805,0.0097160125
2009-10-07,DBC,0.0018058695,-0.024850661
2009-10-08,DBC,0.019652262,-0.048392598
2009-10-09,DBC,0.0039726384,-0.059261326
2009-10-12,DBC,0.020061728,-0.074678354
2009-10-13,DBC,0.011163705,-0.04184047
2009-10-14,DBC,0.007656354,0.002551034
2009-10-15,DBC,0.010118131,-0.033652138
2009-10-16,DBC,0.0025136168,0.0034086828
2009-10-19,DBC,0.014125702,0.0036562888
2009-10-20,DBC,-0.0062073446,-0.038732566
2009-10-21,DBC,0.020949626,-0.034401566
2009-10-22,DBC,0.00809721,-0.07260348
2009-10-23,DBC,-0.0036356333,-0.04393135
2009-10-26,DBC,-0.018379116,-0.039297145
2009-10-27,DBC,-0.007032087,0.02409132
2009-10-28,DBC,-0.026073806,-0.079050556
2009-10-29,DBC,0.030629624,-0.04860196
2009-10-30,DBC,-0.025741717,-0.04068135
2009-11-02,DBC,0.017442914,-0.040373474
2009-11-03,DBC,0.014067257,-0.05554139
2009-11-04,DBC,-0.0008220305,0.017300343
2009-11-05,DBC,-0.0053597325,-0.07736408
2009-11-06,DBC,-0.01793583,-0.030655054
2009-11-09,DBC,0.016280886,-0.04264341
2009-11-10,DBC,-0.00498133,-0.04065065
2009-11-11,DBC,0.006636275,-0.038762618
2009-11-12,DBC,-0.014994034,-0.027078604
2009-11-13,DBC,-0.0008396306,-0.043990918
2009-11-16,DBC,0.028567458,0.007453978
2009-11-17,DBC,0.004886003,-0.054977626
2009-11-18,DBC,0.0008120179,-0.033553563
2009-11-19,DBC,-0.014306395,-0.04678081
2009-11-20,DBC,-0.0012358394,-0.05023153
2009-11-23,DBC,0.004523964,-0.016123867
2009-11-24,DBC,-0.011556051,-0.02157375
2009-11-25,DBC,0.023791114,-0.052590374
2009-11-26,DBC,0.0,-0.011428183
2009-11-27,DBC,-0.011414718,-0.021715652
2009-11-30,DBC,0.011009285,-0.036909364
2009-12-01,DBC,0.0072727595,-0.038297422
2009-12-02,DBC,-0.0068673263,-0.026859067
2009-12-03,DBC,-0.00081103004,-0.04531984
2009-12-04,DBC,-0.008146685,-0.049727652
2009-12-07,DBC,-0.009038681,-0.04861382
2009-12-08,DBC,-0.009954458,-0.031187832
2009-12-09,DBC,-0.012584059,-0.034350533
2009-12-10,DBC,-0.0055026594,-0.030481175
2009-12-11,DBC,0.0050804513,-0.019944753
2009-12-14,DBC,0.0054748505,-0.034013413
2009-12-15,DBC,-0.004630612,0.028201016
2009-12-16,DBC,0.017151644,-0.032137513
2009-12-17,DBC,-0.015465303,-0.04767868
2009-12-18,DBC,0.004203453,-0.046701383
2009-12-21,DBC,-0.0096944915,-0.03736055
2009-12-22,DBC,0.0071745403,-0.027494904
2009-12-23,DBC,0.017507741,-0.023532635
2009-12-24,DBC,0.005768454,-0.027215282
2009-12-25,DBC,0.0,-0.031400483
2009-12-28,DBC,0.017512156,-0.02568818
2009-12-29,DBC,-0.002020611,-0.024824504
2009-12-30,DBC,-0.0012143293,-0.033376917
2009-12-31,DBC,-0.0028391825,-0.024704667
2009-01-01,HYG,0.0,-0.038226634
2009-01-02,HYG,-0.0031624746,-0.033206902
2009-01-05,HYG,0.047173694,-0.029857269
2009-01-06,HYG,0.008399723,0.027285745
2009-01-07,HYG,-0.018217368,-0.018556338
2009-01-08,HYG,-0.014651526,0.07469762
2009-01-09,HYG,0.014599398,-0.028185885
2009-01-12,HYG,-0.02198046,-0.0045155697
2009-01-13,HYG,-0.0036706224,-0.029110847
2009-01-14,HYG,-0.01284135,-0.037814513
2009-01-15,HYG,-0.003971937,-0.02667328
2009-01-16,HYG,0.008059765,-0.039821222
2009-01-19,HYG,0.0,-0.043531917
2009-01-20,HYG,-0.01725554,-0.020051293
2009-01-21,HYG,0.00013387777,-0.03324399
2009-01-22,HYG,-0.0026809669,-0.010560171
2009-01-23,HYG,-0.0161021,-0.024951763
2009-01-26,HYG,0.002588381,-0.030573826
2009-01-27,HYG,0.009209166,0.047025554
2009-01-28,HYG,0.034840267,-0.011738863
2009-01-29,HYG,-0.025180949,-0.040293325
2009-01-30,HYG,0.004529114,-0.018960886
2009-02-02,HYG,-0.031594366,0.026845489
2009-02-03,HYG,0.0017816767,-0.032038074
2009-02-04,HYG,-0.00082191784,-0.051676665
2009-02-05,HYG,-0.008256549,0.038649607
2009-02-06,HYG,0.019973304,-0.014978076
2009-02-09,HYG,0.0076907887,-0.041043572
2009-02-10,HYG,-0.006607805,-0.05782867
2009-02-11,HYG,-0.002302744,-0.025128523
2009-02-12,HYG,-0.0031239414,-0.03438867
2009-02-13,HYG,0.0039372803,0.01889082
2009-02-16,HYG,0.0,0.031041306
2009-02-17,HYG,-0.02580434,-0.035143197
2009-02-18,HYG,-0.0059968103,-0.0181603
2009-02-19,HYG,0.005023033,0.015228497
2009-02-20,HYG,-0.0147216115,0.0053844173
2009-02-23,HYG,-0.025462683,-0.026705898
2009-02-24,HYG,0.014098925,0.010079811
2009-02-25,HYG,-0.0048689772,-0.021567056
2009-02-26,HYG,-0.020009367,0.028014543
2009-02-27,HYG,-0.015199879,0.036885407
2009-03-02,HYG,-0.031724714,-0.0024480002
2009-03-03,HYG,0.0039828485,0.01809864
2009-03-04,HYG,-0.00015289351,0.036753993
2009-03-05,HYG,-0.04856083,-0.017844394
2009-03-06,HYG,-0.0048270407,0.030529918
2009-03-09,HYG,-0.0058233747,-0.030415282
2009-03-10,HYG,0.04829562,-0.025825659
2009-03-11,HYG,0.015796663,-0.10243698
2009-03-12,HYG,0.016449478,-0.029585877
2009-03-13,HYG,0.0022426562,0.021747034
2009-03-16,HYG,0.0056886873,0.038371153
2009-03-17,HYG,-0.0056886873,0.011057674
2009-03-18,HYG,0.022738319,0.010351688
2009-03-19,HYG,-0.008797711,0.047247346
2009-03-20,HYG,-0.0019164154,0.046745732
2009-03-23,HYG,0.020447623,0.039398387
2009-03-24,HYG,0.0018776635,0.044223208
2009-03-25,HYG,0.005324903,0.038363446
2009-03-26,HYG,0.015382728,0.024524791
2009-03-27,HYG,-0.010228815,0.037467822
2009-03-30,HYG,-0.047969423,-0.027148698
2009-03-31,HYG,0.015607898,-0.016335223
2009-04-01,HYG,-0.010378151,-0.013460273
2009-04-02,HYG,0.035718083,-0.010792553
2009-04-03,HYG,0.013994231,-0.029162789
2009-04-06,HYG,-0.0032668163,0.049774818
2009-04-07,HYG,-0.0115906,-0.018492416
2009-04-08,HYG,0.011732858,0.041726567
2009-04-09,HYG,0.02805233,0.06157858
2009-04-10,HYG,0.0,-0.04034002
2009-04-13,HYG,-0.0006918022,0.033021778
2009-04-14,HYG,-0.005134265,0.04963142
2009-04-15,HYG,0.008450559,0.040022735
2009-04-16,HYG,0.015739735,-0.03829578
2009-04-17,HYG,0.021627547,0.03986996
2009-04-20,HYG,-0.03722934,0.029275643
2009-04-21,HYG,0.011246861,0.03295063
2009-04-22,HYG,0.004762238,-0.029332835
2009-04-23,HYG,-0.0010865137,-0.0052413386
2009-04-24,HYG,0.015372471,0.04311281
2009-04-27,HYG,-0.00792642,0.04755178
2009-04-28,HYG,0.002155754,0.030192249
2009-04-29,HYG,0.018402973,0.033832315
2009-04-30,HYG,0.0077657513,0.034582566
2009-05-01,HYG,-0.009352634,-0.030473376
2009-05-04,HYG,-0.002454041,0.017906595
2009-05-05,HYG,0.008654998,0.018219883
2009-05-06,HYG,0.008252061,0.055374645
2009-05-07,HYG,-0.016572785,0.032542244
2009-05-08,HYG,0.017746111,-0.028484702
2009-05-11,HYG,-0.005225355,-0.042424005
2009-05-12,HYG,0.0039215735,0.020355538
2009-05-13,HYG,-0.013132165,0.047616098
2009-05-14,HYG,-0.010631329,0.05186494
2009-05-15,HYG,-0.014127379,-0.009288426
2009-05-18,HYG,0.021050585,0.03285046
2009-05-19,HYG,0.0066120317,-0.031543218
2009-05-20,HYG,0.014654194,0.03273155
2009-05-21,HYG,-0.012942203,-0.021261217
2009-05-22,HYG,0.013721221,0.06153182
2009-05-25,HYG,0.0,0.025266796
2009-05-26,HYG,-0.0025990917,-0.0061602667
2009-05-27,HYG,0.0018200733,0.043259572
2009-05-28,HYG,0.0035008139,0.03867868
2009-05-29,HYG,0.0074148444,0.021737874
2009-06-01,HYG,0.014223539,0.050860766
2009-06-02,HYG,-0.0029174879,0.02343709
2009-06-03,HYG,-0.005732865,0.035839207
2009-06-04,HYG,0.0030616175,-0.024402017
2009-06-05,HYG,0.0031792487,0.031119434
2009-06-08,HYG,0.0017759741,0.021781608
2009-06-09,HYG,0.0018993358,0.03189557
2009-06-10,HYG,0.0012642227,0.026520405
2009-06-11,HYG,0.002271581,-0.042470157
2009-06-12,HYG,0.0051549748,0.06031405
2009-06-15,HYG,-0.014908678,0.034376707
2009-06-16,HYG,-0.009592706,0.034054928
2009-06-17,HYG,-0.0058001066,0.025885986
2009-06-18,HYG,0.009520206,0.042819813
2009-06-19,HYG,0.0010238035,0.043155182
2009-06-22,HYG,-0.01365121,-0.021621097
2009-06-23,HYG,0.0016842654,0.04947145
2009-06-24,HYG,0.0050358423,0.037278954
2009-06-25,HYG,0.0094860345,-0.019540975
2009-06-26,HYG,-0.0002551997,-0.021893037
2009-06-29,HYG,0.012428822,0.01870668
2009-06-30,HYG,0.0046526333,-0.038633365
2009-07-01,HYG,-0.0066713067,0.036271133
2009-07-02,HYG,-0.01758231,0.026028577
2009-07-03,HYG,0.0,0.06432095
2009-07-06,HYG,-0.015022297,0.018043121
2009-07-07,HYG,-0.014059755,0.02031848
2009-07-08,HYG,0.0060686204,0.019147355
2009-07-09,HYG,0.014234651,0.03353978
2009-07-10,HYG,-0.0076798294,-0.05285859
2009-07-13,HYG,0.0022188874,0.049366325
2009-07-14,HYG,0.0039037135,0.033348024
2009-07-15,HYG,0.021837734,-0.024561005
2009-07-16,HYG,0.003044915,-0.008185603
2009-07-17,HYG,0.0008863565,0.022940202
2009-07-20,HYG,0.013826263,-0.029694773
2009-07-21,HYG,0.0048564943,0.04215126
2009-07-22,HYG,0.0012414651,-0.006644669
2009-07-23,HYG,0.010122294,-0.010796232
2009-07-24,HYG,0.0058780476,0.029204546
2009-07-27,HYG,0.0018298266,0.031248529
2009-07-28,HYG,0.001096291,0.012989906
2009-07-29,HYG,0.0034030173,0.03916025
2009-07-30,HYG,0.008216576,0.04574258
2009-07-31,HYG,0.01611494,0.0296627
2009-08-03,HYG,-0.0065340297,0.04244829
2009-08-04,HYG,-0.002147716,0.03619861
2009-08-05,HYG,-0.0032302474,0.05826757
2009-08-06,HYG,-0.007940369,-0.010669811
2009-08-07,HYG,0.0069812513,-0.007337511
2009-08-10,HYG,0.0045476384,0.02676251
2009-08-11,HYG,-0.0023909158,0.037072174
2009-08-12,HYG,-0.002516629,0.05280689
2009-08-13,HYG,-0.012800561,0.039002024
2009-08-14,HYG,-0.0049954415,0.017953273
2009-08-17,HYG,-0.02473231,0.034252148
2009-08-18,HYG,0.017130509,-0.04163589
2009-08-19,HYG,0.004053313,0.020751735
2009-08-20,HYG,-0.0030691817,0.047811173
2009-08-21,HYG,0.013555804,-0.011168076
2009-08-24,HYG,-0.005229565,0.05760939
2009-08-25,HYG,-0.00012194378,-0.031891003
2009-08-26,HYG,0.0038948443,0.03732027
2009-08-27,HYG,-0.0051151006,-0.017224513
2009-08-28,HYG,0.004993616,-0.029072516
2009-08-31,HYG,0.00012148454,-0.023419334
2009-09-01,HYG,-0.018018505,0.017776523
2009-09-02,HYG,-0.0053326846,0.011646985
2009-09-03,HYG,0.006445238,-0.05868582
2009-09-04,HYG,0.0076308064,-0.014472081
2009-09-07,HYG,0.0,0.033865135
2009-09-08,HYG,0.014122465,-0.02368497
2009-09-09,HYG,-0.009474139,-0.052380607
2009-09-10,HYG,0.015380261,-0.041849352
2009-09-11,HYG,0.009449266,-0.024343044
2009-09-14,HYG,0.0011897681,0.050388638
2009-09-15,HYG,0.007109035,-0.013694763
2009-09-16,HYG,0.012786848,0.032451913
2009-09-17,HYG,0.0017469288,-0.019324753
2009-09-18,HYG,-0.0027965528,0.028045187
2009-09-21,HYG,0.00058326044,-0.02305498
2009-09-22,HYG,-0.0011668613,0.0117733795
2009-09-23,HYG,0.003031012,0.0023069915
2009-09-24,HYG,0.001860682,-0.03408519
2009-09-25,HYG,-0.003258469,-0.06694949
2009-09-28,HYG,0.007895083,0.007980232
2009-09-29,HYG,-0.0011571397,-0.03898432
2009-09-30,HYG,-0.0002315887,-0.026282286
2009-10-01,HYG,-0.034880407,-0.015005706
2009-10-02,HYG,0.00035969066,0.053171948
2009-10-05,HYG,0.013336706,-0.027456202
2009-10-06,HYG,-0.003436226,0.040537346
2009-10-07,HYG,0.0073321047,0.041938014
2009-10-08,HYG,0.006342516,-0.023084834
2009-10-09,HYG,0.0038562713,0.060484
2009-10-12,HYG,-0.00023329057,0.0057674344
2009-10-13,HYG,-0.000233345,-0.029212574
2009-10-14,HYG,0.003959479,0.029696913
2009-10-15,HYG,-0.00023247705,0.024680369
2009-10-16,HYG,-0.000116258794,0.011490691
2009-10-19,HYG,0.00023250407,-0.04776631
2009-10-20,HYG,0.001858089,0.059306487
2009-10-21,HYG,0.0017388285,-0.035547476
2009-10-22,HYG,0.0076151285,0.031865794
2009-10-23,HYG,-0.001725626,0.030454125
2009-10-26,HYG,0.0005755396,-0.037335947
2009-10-27,HYG,-0.007855863,0.053817328
2009-10-28,HYG,-0.016606627,0.019811543
2009-10-29,HYG,0.013935467,-0.038474888
2009-10-30,HYG,-0.009464346,0.06411141
2009-11-02,HYG,-0.0004697041,-0.017296564
2009-11-03,HYG,0.0022291322,0.043357704
2009-11-04,HYG,0.0015223377,0.040278304
2009-11-05,HYG,0.00081876136,-0.019899746
2009-11-06,HYG,0.0009349072,0.012789383
2009-11-09,HYG,0.003963633,0.027353067
2009-11-10,HYG,-0.00034910106,0.04375533
2009-11-11,HYG,0.0005817674,-0.012880632
2009-11-12,HYG,0.0011625205,0.038437042
2009-11-13,HYG,-0.0019770896,0.029586572
2009-11-16,HYG,0.004645769,0.029611805
2009-11-17,HYG,-0.00023177658,-0.029488416
2009-11-18,HYG,-0.0025530942,0.017006574
2009-11-19,HYG,0.0020893798,0.059663113
2009-11-20,HYG,-0.00023193784,0.040778775
2009-11-23,HYG,-0.0010443865,0.016777422
2009-11-24,HYG,0.0005803494,-0.007072932
2009-11-25,HYG,0.00046403712,0.06263359
2009-11-26,HYG,0.0,0.03078384
2009-11-27,HYG,-0.0069832685,0.07427349
2009-11-30,HYG,0.0032649282,0.019607496
2009-12-01,HYG,-0.0023310033,0.02446515
2009-12-02,HYG,0.0010496239,0.024168834
2009-12-03,HYG,0.0012813794,0.0726247
2009-12-04,HYG,0.004066227,0.04282687
2009-12-07,HYG,0.0012745498,0.048329692
2009-12-08,HYG,0.0011572735,0.0040032696
2009-12-09,HYG,0.0,-0.025532462
2009-12-10,HYG,0.0049610715,0.013887243
2009-12-11,HYG,0.0005752747,-0.01806652
2009-12-14,HYG,0.008019289,-0.030609721
2009-12-15,HYG,-0.001027456,-0.052700717
2009-12-16,HYG,0.0022818036,-0.046485398
2009-12-17,HYG,-0.00056996295,-0.018256474
2009-12-18,HYG,-0.000570288,0.023021063
2009-12-21,HYG,0.0029619525,0.017519822
2009-12-22,HYG,0.0021589692,-0.022665434
2009-12-23,HYG,0.0023808186,-0.02495598
2009-12-24,HYG,0.0037298715,-0.008487418
2009-12-25,HYG,0.0,0.010227224
2009-12-28,HYG,-0.0029375232,-0.015317242
2009-12-29,HYG,-0.011951653,-0.03181459
2009-12-30,HYG,0.004227853,-0.023598721
2009-12-31,HYG,0.0015950784,0.021362672
2009-01-01,LQD,0.0,-0.042280745
2009-01-02,LQD,-0.010283884,-0.042499267
2009-01-05,LQD,0.0068347547,0.030671112
2009-01-06,LQD,0.001676777,-0.028401736
2009-01-07,LQD,-0.008412143,0.009721085
2009-01-08,LQD,0.007130155,-0.025094949
2009-01-09,LQD,0.012356733,-0.048858125
2009-01-12,LQD,-0.00517908,0.05972392
2009-01-13,LQD,-0.0021577098,0.044205267
2009-01-14,LQD,-0.0044280514,0.035387464
2009-01-15,LQD,0.0019704439,0.06903058
2009-01-16,LQD,0.0,-0.041074697
2009-01-19,LQD,0.0,0.03913904
2009-01-20,LQD,-0.014873849,0.071184605
2009-01-21,LQD,-0.0050075217,-0.016431166
2009-01-22,LQD,-0.0037217767,-0.03417348
2009-01-23,LQD,-0.0066734324,-0.037089925
2009-01-26,LQD,-0.008967756,-0.05284331
2009-01-27,LQD,0.018659906,-0.034629993
2009-01-28,LQD,0.00790597,0.026670707
2009-01-29,LQD,-0.012057044,-0.03103168
2009-01-30,LQD,0.007060531,0.029446036
2009-02-02,LQD,-0.009765014,0.027395831
2009-02-03,LQD,-0.0033439763,0.008298791
2009-02-04,LQD,0.00040592652,-0.03326598
2009-02-05,LQD,-0.008763941,-0.0518421
2009-02-06,LQD,0.0059189885,0.029912457
2009-02-09,LQD,0.0018338893,0.028473822
2009-02-10,LQD,0.004844008,0.009014216
2009-02-11,LQD,0.0034456959,-0.041950587
2009-02-12,LQD,0.00080547726,-0.053670432
2009-02-13,LQD,-0.0076783565,0.024615418
2009-02-16,LQD,0.0,0.01971677
2009-02-17,LQD,0.005461731,-0.040848754
2009-02-18,LQD,-0.00495476,0.025663339
2009-02-19,LQD,-0.008244741,-0.029024445
2009-02-20,LQD,-0.00419932,0.01603657
2009-02-23,LQD,-0.003392796,0.08055787
2009-02-24,LQD,-0.0036110433,-0.03791634
2009-02-25,LQD,-0.013737338,-0.018348962
2009-02-26,LQD,-0.006412637,-0.033892825
2009-02-27,LQD,-0.0069848946,-0.027709944
2009-03-02,LQD,-0.005004003,-0.01330741
2009-03-03,LQD,-0.0054583536,-0.04754217
2009-03-04,LQD,-0.00032200935,0.025091168
2009-03-05,LQD,-0.0026874512,-0.04366463
2009-03-06,LQD,0.0021505384,-0.04964025
2009-03-09,LQD,-0.027882442,0.01856698
2009-03-10,LQD,0.01436507,-0.02218321
2009-03-11,LQD,0.00032656617,0.022359302
2009-03-12,LQD,-0.0008710802,0.006245432
2009-03-13,LQD,0.009216655,-0.05502252
2009-03-16,LQD,0.0014021466,-0.049067497
2009-03-17,LQD,-0.002698183,-0.043651756
2009-03-18,LQD,0.021066919,-0.055008106
2009-03-19,LQD,0.0021141658,-0.01672576
2009-03-20,LQD,-0.010189008,-0.047377497
2009-03-23,LQD,0.0030888878,0.031110423
2009-03-24,LQD,-0.009939696,-0.019738395
2009-03-25,LQD,-0.004845232,0.008591409
2009-03-26,LQD,0.005167414,-0.046500914
2009-03-27,LQD,0.0031090886,0.011331837
2009-03-30,LQD,-0.0007495851,0.01854661
2009-03-31,LQD,0.0082146935,0.014350428
2009-04-01,LQD,-0.007037027,0.04118783
2009-04-02,LQD,0.00032094144,-0.03665219
2009-04-03,LQD,-0.006223196,-0.046364453
2009-04-06,LQD,-0.0005383001,0.026898518
2009-04-07,LQD,-0.00043084877,-0.048140664
2009-04-08,LQD,0.009969531,0.01546788
2009-04-09,LQD,0.0066975215,-0.06087085
2009-04-10,LQD,0.0,0.0024399501
2009-04-13,LQD,0.0095956875,-0.067669846
2009-04-14,LQD,0.0026201345,0.022667099
2009-04-15,LQD,0.0077156047,-0.040524583
2009-04-16,LQD,0.0042493716,0.003236112
2009-04-17,LQD,-0.0012418506,0.05211587
2009-04-20,LQD,-0.0055033625,-0.025003873
2009-04-21,LQD,0.0031188298,0.032210965
2009-04-22,LQD,-0.002494285,0.02657474
2009-04-23,LQD,-0.00083281286,0.061337624
2009-04-24,LQD,0.0021846562,0.028654063
2009-04-27,LQD,-0.0012477905,0.010566751
2009-04-28,LQD,-0.003230684,-0.046749555
2009-04-29,LQD,0.004790179,-0.03265848
2009-04-30,LQD,-0.0006235062,-0.037440866
2009-05-01,LQD,-0.002393715,0.010525499
2009-05-04,LQD,0.002393715,-0.0710239
2009-05-05,LQD,0.0032172722,-0.03226833
2009-05-06,LQD,0.0044456003,0.009339083
2009-05-07,LQD,-0.009639878,-0.04153021
2009-05-08,LQD,0.0063334065,0.013951068
2009-05-11,LQD,0.0029969537,-0.05735426
2009-05-12,LQD,0.0027822163,-0.045329336
2009-05-13,LQD,-0.0018539504,-0.0436675
2009-05-14,LQD,0.0022654731,-0.03732343
2009-05-15,LQD,-0.00020574016,0.04184329
2009-05-18,LQD,-0.0014413674,0.02499373
2009-05-19,LQD,0.0040100818,0.011046821
2009-05-20,LQD,0.0057300883,-0.039595943
2009-05-21,LQD,-0.0102554485,-0.040828854
2009-05-22,LQD,-0.0013409667,-0.01353188
2009-05-25,LQD,0.0,-0.059861615
2009-05-26,LQD,-0.00041296717,0.05783062
2009-05-27,LQD,-0.006942673,-0.034811907
2009-05-28,LQD,0.0037363821,-0.02635537
2009-05-29,LQD,0.014603304,-0.04362942
2009-06-01,LQD,-0.005322973,0.04073617
2009-06-02,LQD,0.0073627494,-0.029553285
2009-06-03,LQD,0.005081312,0.045674298
2009-06-04,LQD,-0.004368372,0.048191383
2009-06-05,LQD,-0.0053083017,-0.050000843
2009-06-08,LQD,-0.0020491811,-0.0056713438
2009-06-09,LQD,0.007561086,-0.031196538
2009-06-10,LQD,-0.00295632,-0.023688717
2009-06-11,LQD,0.0034651482,0.028713424
2009-06-12,LQD,0.007399557,-0.047113117
2009-06-15,LQD,0.0003029232,0.044040687
2009-06-16,LQD,-0.0006059382,-0.03114413
2009-06-17,LQD,0.0012115095,-0.02888947
2009-06-18,LQD,-0.01279465,0.05588042
2009-06-19,LQD,0.0075341426,-0.08222699
2009-06-22,LQD,0.0036448354,-0.017682575
2009-06-23,LQD,0.008052384,0.03494011
2009-06-24,LQD,-0.0016052978,0.040014405
2009-06-25,LQD,0.0078016,-0.03305562
2009-06-26,LQD,0.0004980328,0.04709626
2009-06-29,LQD,-0.0010959997,-0.03133772
2009-06-30,LQD,-0.00029911762,0.056269746
2009-07-01,LQD,-0.0058005964,0.035727266
2009-07-02,LQD,0.000100295874,-0.044648677
2009-07-03,LQD,0.0,-0.07432566
2009-07-06,LQD,0.0024040882,-0.031525988
2009-07-07,LQD,-0.0040100305,-0.049721345
2009-07-08,LQD,0.009099607,0.032147076
2009-07-09,LQD,0.00039808918,0.05329827
2009-07-10,LQD,0.0039721997,0.07376854
2009-07-13,LQD,-0.000594825,-0.05269825
2009-07-14,LQD,-0.0021840571,-0.03417509
2009-07-15,LQD,-0.009285674,0.043122742
2009-07-16,LQD,0.0068976134,0.035983995
2009-07-17,LQD,-0.003093043,-0.06528165
2009-07-20,LQD,0.0040887618,0.019893844
2009-07-21,LQD,0.0140332375,0.046261523
2009-07-22,LQD,-0.0026531732,0.022566134
2009-07-23,LQD,-0.001674135,0.043791704
2009-07-24,LQD,0.0027559074,-0.023732305
2009-07-27,LQD,-0.0022632235,-0.014334777
2009-07-28,LQD,0.0038346245,-0.026866922
2009-07-29,LQD,0.006261026,0.019184409
2009-07-30,LQD,0.0054464247,-0.013990152
2009-07-31,LQD,0.013104832,0.043007154
2009-08-03,LQD,-0.0140752345,-0.025604164
2009-08-04,LQD,-0.0050613307,-0.058605317
2009-08-05,LQD,0.000195141,-0.053243533
2009-08-06,LQD,-0.0027354453,0.061990034
2009-08-07,LQD,-0.00019567557,0.061618235
2009-08-10,LQD,0.0031262238,0.033517186
2009-08-11,LQD,0.0051564057,0.052977838
2009-08-12,LQD,-0.008771986,0.050313734
2009-08-13,LQD,0.0096449675,-0.049945958
2009-08-14,LQD,-0.00019393,0.021366904
2009-08-17,LQD,0.0016472074,0.05453487
2009-08-18,LQD,-0.002520358,-0.045119397
2009-08-19,LQD,0.003197832,-0.037308063
2009-08-20,LQD,0.0047295103,-0.006564713
2009-08-21,LQD,-0.0045360303,0.021736573
2009-08-24,LQD,0.0051136203,-0.0022381998
2009-08-25,LQD,0.0017307696,-0.044606388
2009-08-26,LQD,0.0066070044,0.047568154
2009-08-27,LQD,-0.004591552,0.03614492
2009-08-28,LQD,0.0049732313,0.0543925
2009-08-31,LQD,0.0048536854,-0.049796686
2009-09-01,LQD,-0.009731044,-0.043574024
2009-09-02,LQD,0.0029675032,-0.04281349
2009-09-03,LQD,0.0017190339,0.01958283
2009-09-04,LQD,0.00066771597,0.05826479
2009-09-07,LQD,0.0,0.07230999
2009-09-08,LQD,-0.0025779363,-0.0143491
2009-09-09,LQD,-0.00028684802,0.025400752
2009-09-10,LQD,0.0065767765,0.06519916
2009-09-11,LQD,0.008984786,0.109258495
2009-09-14,LQD,-0.005097236,-0.008742668
2009-09-15,LQD,-0.0005679667,0.07668578
2009-09-16,LQD,0.0031198324,0.07415418
2009-09-17,LQD,0.0048964317,0.063478984
2009-09-18,LQD,-0.006313331,0.10586896
2009-09-21,LQD,0.0023603844,0.14392933
2009-09-22,LQD,0.002354826,-0.074234724
2009-09-23,LQD,0.00047030053,0.11727201
2009-09-24,LQD,0.0015973693,0.17023163
2009-09-25,LQD,0.003842014,0.20271258
2009-09-28,LQD,0.0025220695,-0.04629649
2009-09-29,LQD,-0.0039259726,0.14226398
2009-09-30,LQD,-0.0008432889,0.15461701
2009-10-01,LQD,-0.0147311445,-0.04331611
2009-10-02,LQD,-0.006489811,-0.06312864
2009-10-05,LQD,0.0053476063,0.14166792
2009-10-06,LQD,-0.0020974362,0.13942993
2009-10-07,LQD,0.006373993,-0.020758938
2009-10-08,LQD,-0.00561078,0.12068581
2009-10-09,LQD,-0.008812318,-0.08474374
2009-10-12,LQD,0.0034575525,0.16630171
2009-10-13,LQD,0.0019157093,0.10964878
2009-10-14,LQD,-0.0047961725,0.14710389
2009-10-15,LQD,-0.00019232619,-0.08088837
2009-10-16,LQD,0.0007690829,0.11588303
2009-10-19,LQD,0.0050802887,0.08680292
2009-10-20,LQD,0.006385535,-0.006813893
2009-10-21,LQD,-0.0041888864,0.14530762
2009-10-22,LQD,0.0058974773,0.15208973
2009-10-23,LQD,-0.0055159437,-0.087286234
2009-10-26,LQD,-0.004204899,0.2071704
2009-10-27,LQD,0.008582107,-0.03689861
2009-10-28,LQD,-0.006764185,0.088968486
2009-10-29,LQD,0.0012419395,0.1900406
2009-10-30,LQD,0.008934571,-0.028492955
2009-11-02,LQD,-0.0060744304,0.10804967
2009-11-03,LQD,-0.0045801606,-0.095170476
2009-11-04,LQD,0.003913526,0.039440855
2009-11-05,LQD,0.00066663494,0.16542737
2009-11-06,LQD,0.0026621046,0.04444956
2009-11-09,LQD,0.0005695302,-0.15040526
2009-11-10,LQD,-0.0006644834,-0.087384276
2009-11-11,LQD,0.0036965115,0.057878632
2009-11-12,LQD,0.0,-0.12016288
2009-11-13,LQD,0.0029285364,-0.089111045
2009-11-16,LQD,0.004705448,-0.10984294
2009-11-17,LQD,0.0015010792,0.12806152
2009-11-18,LQD,-0.0032865421,0.044165354
2009-11-19,LQD,0.0012219769,-0.027818745
2009-11-20,LQD,-0.0047081066,-0.09067063
2009-11-23,LQD,0.0,-0.046299506
2009-11-24,LQD,0.0038622816,0.14093961
2009-11-25,LQD,0.0036600858,-0.0501768
2009-11-26,LQD,0.0,-0.006392113
2009-11-27,LQD,-0.00028106995,-0.052719064
2009-11-30,LQD,0.004953976,0.09132822
2009-12-01,LQD,-0.009273637,-0.071333274
2009-12-02,LQD,0.00018819988,-0.0047052456
2009-12-03,LQD,-0.0002823131,-0.06710909
2009-12-04,LQD,-0.004149775,-0.08746059
2009-12-07,LQD,-0.0004726568,-0.089736834
2009-12-08,LQD,0.0042458903,0.102496795
2009-12-09,LQD,-0.005759895,0.11747037
2009-12-10,LQD,0.00085190975,-0.025691338
2009-12-11,LQD,-0.004742042,0.08085652
2009-12-14,LQD,0.005498687,0.12327214
2009-12-15,LQD,-0.0072113415,0.109085314
2009-12-16,LQD,0.0038019246,0.1682084
2009-12-17,LQD,0.004259958,0.13490064
2009-12-18,LQD,-0.0016071855,-0.009458608
2009-12-21,LQD,-0.004837113,-0.0007672943
2009-12-22,LQD,-0.0041920794,0.13163282
2009-12-23,LQD,0.003145706,0.033493645
2009-12-24,LQD,-0.004674466,0.025754977
2009-12-25,LQD,0.0,0.03583318
2009-12-28,LQD,-0.0026809669,0.073950544
2009-12-29,LQD,-0.0011511897,0.105572924
2009-12-30,LQD,0.0011511897,0.14610536
2009-12-31,LQD,-0.0014391943,-0.06970988
2009-01-01,UUP,0.0,-0.006222103
2009-01-02,UUP,0.009268378,0.02292324
2009-01-05,UUP,0.010780409,0.04769028
2009-01-06,UUP,-0.0015891938,0.027852098
2009-01-07,UUP,-0.0063821515,0.05154017
2009-01-08,UUP,-0.010054378,0.067565225
2009-01-09,UUP,0.015242974,0.027888158
2009-01-12,UUP,0.004765696,0.026502013
2009-01-13,UUP,0.011385024,0.01531138
2009-01-14,UUP,0.0039484794,0.022670142
2009-01-15,UUP,-0.00039024392,0.05699584
2009-01-16,UUP,-0.0086241225,0.027048673
2009-01-19,UUP,0.0,-0.021489268
2009-01-20,UUP,0.028334906,0.11139323
2009-01-21,UUP,-0.00884111,-0.04932627
2009-01-22,UUP,-0.0007724991,0.046024386
2009-01-23,UUP,-0.00038647343,-0.028634343
2009-01-26,UUP,-0.013229765,-0.0055620563
2009-01-27,UUP,-0.001175779,0.056463435
2009-01-28,UUP,0.003523198,0.0649725
2009-01-29,UUP,0.00778517,0.043801773
2009-01-30,UUP,0.00618479,0.07119203
2009-02-02,UUP,-0.00077101006,0.048890367
2009-02-03,UUP,-0.012417699,-0.023484355
2009-02-04,UUP,0.0093277,0.027906295
2009-02-05,UUP,0.0030899986,0.04230062
2009-02-06,UUP,-0.008520578,0.07307338
2009-02-09,UUP,-0.0066341707,-0.02830112
2009-02-10,UUP,0.011677829,0.031290855
2009-02-11,UUP,0.0015467907,0.04168802
2009-02-12,UUP,0.0038565416,0.035396185
2009-02-13,UUP,-0.0030840426,0.026611432
2009-02-16,UUP,0.0,-0.00040858382
2009-02-17,UUP,0.019499758,0.037153885
2009-02-18,UUP,0.0045334417,0.052268337
2009-02-19,UUP,-0.005670021,0.07900175
2009-02-20,UUP,-0.014125068,-0.02199276
2009-02-23,UUP,0.00918491,0.07722129
2009-02-24,UUP,-0.0053476063,0.015740443
2009-02-25,UUP,0.012181346,0.033568468
2009-02-26,UUP,-0.00075700233,0.077791475
2009-02-27,UUP,0.0025563661,0.08564717
2009-03-02,UUP,0.01023538,0.09074918
2009-03-03,UUP,-0.00037390165,0.046386834
2009-03-04,UUP,-0.0056216056,0.06932533
2009-03-05,UUP,0.005247564,0.06975851
2009-03-06,UUP,-0.0048753144,0.06670622
2009-03-09,UUP,0.0056232577,0.037606444
2009-03-10,UUP,-0.0056232577,0.0880979
2009-03-11,UUP,-0.010962121,0.08137683
2009-03-12,UUP,-0.0048769433,0.07593366
2009-03-13,UUP,0.0009925559,0.05627283
2009-03-16,UUP,-0.0030188991,0.08990205
2009-03-17,UUP,-0.0014937095,0.053609636
2009-03-18,UUP,-0.03256754,0.07568523
2009-03-19,UUP,-0.012110737,0.06534613
2009-03-20,UUP,0.00838161,0.08065371
2009-03-23,UUP,-0.0051803263,0.04128304
2009-03-24,UUP,0.011124469,0.057223786
2009-03-25,UUP,-0.0079334015,0.034695752
2009-03-26,UUP,0.006351748,0.024583662
2009-03-27,UUP,0.011801868,0.0649613
2009-03-30,UUP,0.0062339506,-0.021947624
2009-03-31,UUP,-0.0035001077,0.034486175
2009-04-01,UUP,0.0007797271,-0.020167995
2009-04-02,UUP,-0.013338762,0.033978295
2009-04-03,UUP,-0.0031645596,0.05211124
2009-04-06,UUP,0.0047430918,0.05007727
2009-04-07,UUP,0.007464187,-0.004554546
2009-04-08,UUP,0.00039131285,0.0740062
2009-04-09,UUP,0.0039047296,0.065437175
2009-04-10,UUP,0.0,0.04513058
2009-04-13,UUP,-0.013338762,0.014486537
2009-04-14,UUP,0.002366865,0.0759152
2009-04-15,UUP,0.0015748035,0.057544794
2009-04-16,UUP,0.0035342665,0.034792658
2009-04-17,UUP,0.010140493,0.06353652
2009-04-20,UUP,0.007731001,0.07200302
2009-04-21,UUP,-0.0023130311,0.034237646
2009-04-22,UUP,-0.0027053156,-0.015846878
2009-04-23,UUP,-0.011286362,0.074230455
2009-04-24,UUP,-0.0078585865,0.029583825
2009-04-27,UUP,0.011764841,-0.019229963
2009-04-28,UUP,-0.0062573534,0.03552201
2009-04-29,UUP,-0.007086644,-0.03098001
2009-04-30,UUP,0.0011846003,0.014359504
2009-05-01,UUP,-0.0023706057,0.027992142
2009-05-04,UUP,-0.009139742,-0.01727742
2009-05-05,UUP,0.003188524,-0.035611045
2009-05-06,UUP,-0.001991636,0.049605194
2009-05-07,UUP,0.0,-0.04719167
2009-05-08,UUP,-0.018105503,0.05725866
2009-05-11,UUP,0.0052642357,0.009517717
2009-05-12,UUP,-0.0052642357,0.05693722
2009-05-13,UUP,0.0036474206,0.048151862
2009-05-14,UUP,-0.0032414938,0.09599635
2009-05-15,UUP,0.006875659,0.069122374
2009-05-18,UUP,-0.0052535986,0.029403323
2009-05-19,UUP,-0.005281345,0.044279046
2009-05-20,UUP,-0.012295237,0.004970769
2009-05-21,UUP,-0.006619801,-0.03375572
2009-05-22,UUP,-0.0070818877,0.046851486
2009-05-25,UUP,0.0,0.036896206
2009-05-26,UUP,0.0020881193,-0.04862083
2009-05-27,UUP,0.003331948,0.01759525
2009-05-28,UUP,0.0008312552,0.06180658
2009-05-29,UUP,-0.014226181,0.0013794572
2009-06-01,UUP,-0.002531647,0.04275034
2009-06-02,UUP,-0.009337929,-0.04477012
2009-06-03,UUP,0.014815086,-0.03778887
2009-06-04,UUP,-0.0021030502,-0.03805093
2009-06-05,UUP,0.017115843,-0.043397587
2009-06-08,UUP,0.00041382166,-0.047011767
2009-06-09,UUP,-0.012908778,0.045340106
2009-06-10,UUP,0.005850414,0.012966907
2009-06-11,UUP,-0.010050336,-0.03568602
2009-06-12,UUP,0.009633582,0.044370353
2009-06-15,UUP,0.018174808,0.031980544
2009-06-16,UUP,-0.013185193,0.06905342
2009-06-17,UUP,-0.005823644,0.01282926
2009-06-18,UUP,0.0045785718,0.029517055
2009-06-19,UUP,-0.0045785718,0.038590647
2009-06-22,UUP,0.006652831,0.044546265
2009-06-23,UUP,-0.011671662,-0.009154288
2009-06-24,UUP,0.0058528595,0.026917636
2009-06-25,UUP,-0.0008340284,0.02669238
2009-06-26,UUP,-0.0058577573,-0.038810328
2009-06-29,UUP,-0.0008396306,-0.03934541
2009-06-30,UUP,0.0037727985,0.046830263
2009-07-01,UUP,-0.0050335675,0.028982233
2009-07-02,UUP,0.00545189,0.03128132
2009-07-03,UUP,0.0,-0.029762518
2009-07-06,UUP,0.0015880316,-0.039427917
2009-07-07,UUP,0.0042501837,0.031709597
2009-07-08,UUP,-0.0012481799,0.041016895
2009-07-09,UUP,-0.008361253,0.036107827
2009-07-10,UUP,0.0025157246,-0.061665367
2009-07-13,UUP,-0.0016764463,-0.034613296
2009-07-14,UUP,0.0008385745,0.008230457
2009-07-15,UUP,-0.009686326,-0.04978993
2009-07-16,UUP,-0.0008467401,0.06580499
2009-07-17,UUP,0.0021155074,0.025577031
2009-07-20,UUP,-0.0067854375,0.033329524
2009-07-21,UUP,0.0004254414,0.031959523
2009-07-22,UUP,-0.0017028527,0.053177755
2009-07-23,UUP,0.0,-0.023831666
2009-07-24,UUP,-0.0012790451,-0.042338826
2009-07-27,UUP,-0.00085360656,0.023006953
2009-07-28,UUP,0.0029844404,-0.056150746
2009-07-29,UUP,0.00721106,-0.01689596
2009-07-30,UUP,-0.0012687674,0.061268937
2009-07-31,UUP,-0.013205729,-0.0389178
2009-08-03,UUP,-0.008180886,0.05681789
2009-08-04,UUP,0.0,0.02918002
2009-08-05,UUP,-0.0012978587,-0.033064455
2009-08-06,UUP,0.004750603,0.059124824
2009-08-07,UUP,0.011565775,-0.038470782
2009-08-10,UUP,0.0034013637,-0.04662285
2009-08-11,UUP,0.0008485363,0.024868801
2009-08-12,UUP,-0.004675885,-0.031375375
2009-08-13,UUP,-0.004697852,-0.018734418
2009-08-14,UUP,0.0038453368,0.047723986
2009-08-17,UUP,0.0059523988,0.039005786
2009-08-18,UUP,-0.0025466906,-0.041377544
2009-08-19,UUP,-0.006395247,0.015929617
2009-08-20,UUP,-0.002998503,0.06223905
2009-08-21,UUP,-0.0034379063,0.05330287
2009-08-24,UUP,0.002150076,0.027705543
2009-08-25,UUP,0.0,0.012645474
2009-08-26,UUP,0.0038585258,-0.038046
2009-08-27,UUP,-0.0055782166,0.04327698
2009-08-28,UUP,0.0017196909,0.051938992
2009-08-31,UUP,-0.00085947575,-0.041433804
2009-09-01,UUP,0.0064281346,-0.04947866
2009-09-02,UUP,-0.0038519201,-0.017199628
2009-09-03,UUP,0.0008572654,0.029659273
2009-09-04,UUP,-0.0038634948,-0.028048625
2009-09-07,UUP,0.0,0.013217577
2009-09-08,UUP,-0.011245794,0.03132953
2009-09-09,UUP,-0.0034858424,-0.004007505
2009-09-10,UUP,-0.002184838,-0.07959733
2009-09-11,UUP,-0.002189622,0.034299556
2009-09-14,UUP,-0.00087719306,-0.033280056
2009-09-15,UUP,-0.003516487,-0.033246893
2009-09-16,UUP,-0.0030871027,0.019135522
2009-09-17,UUP,0.0017652255,-0.04506987
2009-09-18,UUP,0.0035211304,0.010776174
2009-09-21,UUP,0.0035087755,-0.035830893
2009-09-22,UUP,-0.010563479,-0.019332819
2009-09-23,UUP,0.004415018,-0.054673
2009-09-24,UUP,0.0074610836,-0.031853974
2009-09-25,UUP,-0.0026269718,0.02658347
2009-09-28,UUP,0.0030641302,0.027836118
2009-09-29,UUP,0.0017467253,-0.06556802
2009-09-30,UUP,-0.0056880484,-0.035088226
2009-10-01,UUP,0.0069960933,0.014392168
2009-10-02,UUP,-0.002181026,-0.06686307
2009-10-05,UUP,-0.0056930305,0.024921507
2009-10-06,UUP,-0.0044014156,-0.0463961
2009-10-07,UUP,0.00088183425,-0.049133983
2009-10-08,UUP,-0.00663279,-0.05334439
2009-10-09,UUP,0.007954085,0.027895609
2009-10-12,UUP,-0.004411123,-0.01778722
2009-10-13,UUP,-0.00221288,-0.05482437
2009-10-14,UUP,-0.007560632,-0.0432947
2009-10-15,UUP,0.00044632895,-0.055349194
2009-10-16,UUP,0.0026737985,-0.015480962
2009-10-19,UUP,-0.004907438,-0.067917176
2009-10-20,UUP,0.004462301,0.024162063
2009-10-21,UUP,-0.0062528118,-0.04248457
2009-10-22,UUP,-0.00044812908,-0.020644262
2009-10-23,UUP,0.0053643403,-0.0648385
2009-10-26,UUP,0.0066652102,-0.037165213
2009-10-27,UUP,0.0025653515,0.014593717
2009-10-28,UUP,0.0040557277,-0.08116599
2009-10-29,UUP,-0.007064047,0.016116729
2009-10-30,UUP,0.0057433336,0.0191645
2009-11-02,UUP,-0.003530454,-0.06288832
2009-11-03,UUP,0.002649008,-0.06263725
2009-11-04,UUP,-0.007523824,-0.039761953
2009-11-05,UUP,0.018922457,-0.043227967
2009-11-06,UUP,-0.0048066513,-0.053859416
2009-11-09,UUP,-0.012783952,-0.05426112
2009-11-10,UUP,-0.004446428,-0.038619265
2009-11-11,UUP,0.0017809444,-0.05095453
2009-11-12,UUP,0.014134511,-0.06559364
2009-11-13,UUP,-0.021277398,-0.056077346
2009-11-16,UUP,-0.004490353,-0.065369435
2009-11-17,UUP,0.006280864,-0.057244323
2009-11-18,UUP,-0.003584233,0.006810235
2009-11-19,UUP,0.003136906,-0.029359028
2009-11-20,UUP,0.00401876,-0.060660806
2009-11-23,UUP,-0.0076045995,-0.03135917
2009-11-24,UUP,0.00089766615,0.002058976
2009-11-25,UUP,-0.011732986,-0.028240023
2009-11-26,UUP,0.0,0.0067096893
2009-11-27,UUP,0.010386185,-0.023159375
2009-11-30,UUP,-0.004051322,-0.0013068969
2009-12-01,UUP,-0.004520803,-0.06494116
2009-12-02,UUP,0.003166707,0.007931018
2009-12-03,UUP,0.0004515692,-0.0070777405
2009-12-04,UUP,0.014788529,-0.06089961
2009-12-07,UUP,0.0,-0.06675929
2009-12-08,UUP,0.0048813056,0.013415047
2009-12-09,UUP,-0.003992021,0.023109116
2009-12-10,UUP,0.0,-0.018003225
2009-12-11,UUP,0.00796817,-0.009712636
2009-12-14,UUP,-0.0022070191,-0.011007895
2009-12-15,UUP,0.0070453836,-0.060394157
2009-12-16,UUP,-0.0008779632,-0.033444185
2009-12-17,UUP,0.010485024,0.02591765
2009-12-18,UUP,0.0,0.03168252
2009-12-21,UUP,0.0030375377,0.017870514
2009-12-22,UUP,0.003460211,0.020445833
2009-12-23,UUP,-0.005628939,-0.031572036
2009-12-24,UUP,0.0,-0.0019560775
2009-12-25,UUP,0.0,0.010435399
2009-12-28,UUP,-0.0026086972,-0.015040037
2009-12-29,UUP,0.0030428192,0.019861218
2009-12-30,UUP,0.0,0.032419026
2009-12-31,UUP,0.0017346058,-0.0131312795
